1560011551.5275853
1560012323.8209116
1560013151.8857136
1560014024.6529787
1560014747.4257262
1560015420.2251222
1560016082.325401
1560016700.278848
1560017270.1312015
1560017837.1933541
1560018400.459873
1560018969.5299392
1560019633.1197643
1560020200.2130883
1560020748.4120483
1560021336.063574
1560021956.9994595
1560022558.8180764
1560023159.4138927
1560023766.940744
1560024409.119679
1560025090.2599778
1560025758.7618387
1560026482.2163835
1560027216.91669
1560027915.3132145
1560028551.1397536
1560029140.6596947
1560029719.6914887
1560030283.446794
1560030836.9970453
1560031390.3511932
1560031941.6505969
1560032480.7553568
1560033032.0157137
1560033568.9465997
1560034106.9829035
1560034645.4591498
1560035200.460158
1560035738.8898325
1560036287.2563958
1560036825.4438007
1560037375.2549152
1560037926.633733
1560038480.8073962
1560039033.0189347
1560039570.9627397
1560040123.0730438
1560040700.224589
1560041252.0641427
1560041803.5019765
1560042360.6105213
1560042912.81639
1560043450.539429
1560044001.7099965
1560044552.199425
1560045118.1937165
1560045683.7219422
1560046240.307761
1560046790.743955
1560047328.9521523
1560047866.309819
1560048404.569991
1560048942.8851311
1560049500.897299
1560050058.0509572
1560050616.5540335
1560051206.818717
1560051750.4117224
1560052292.9559414
1560052850.3248625
1560053406.1632411
1560053974.024433
1560054528.4856324
1560055071.255222
1560055613.7565074
1560056167.4518125
1560056737.8928201
1560057280.7208447
1560057835.3015661
1560058415.5941622
1560058995.1969743
1560059539.3952866
1560060082.9551778
1560060645.4303334
1560061191.147163
1560061738.5621293
1560062266.9228852
1560062796.1098614
1560063326.717189
1560063873.5096533
1560064415.4960995
1560064983.0649862
1560065525.8908117
1560066072.657046
1560066611.0946603
1560067147.128769
1560067706.86315
1560068267.592514
1560068835.3672552
1560069416.345786
1560069996.7477844
1560070551.6375551
1560071097.2031767
1560071627.950928
1560072170.8185213
1560072739.179608
1560073293.7609305
1560073850.9525847
1560074393.9492018
1560074961.8918095
1560075518.156082
1560076060.4489403
1560076590.2754457
1560077132.1005087
1560077679.7367873
1560078466.661416
1560079093.559506
1560079697.5445662
1560080237.4886858
1560080767.0304885
1560081308.7888587
1560081858.812747
1560082407.1713526
1560082937.7089002
1560083480.9279687
1560084012.72002
1560084570.8105597
1560085169.1916492
1560085718.0829525
1560086263.6502087
1560086808.2482674
1560087355.577771
1560087892.1736314
1560088428.8945773
1560088964.019781
1560089547.6028628
1560090145.019709
1560090684.6795428
1560091221.4489028
1560091757.9108937
1560092287.38219
1560092819.0459452
1560093348.9904468
1560093880.17205
1560094424.6527848
1560094955.0665576
1560095500.9741318
1560096045.1112578
1560096587.7561972
1560097131.3145783
1560097675.9196563
1560098218.8927712
1560098748.4868648
1560099278.01268
1560099811.3900685
1560100341.7344012
1560101048.404378
1560101660.4975343
1560102274.7085862
1560102883.43086
1560103431.1383317
1560103987.1709828
1560104545.3391585
1560105087.9156992
1560105618.2929635
1560106148.706967
1560106677.5993345
1560107223.2533238
1560107765.4102087
1560108324.4162126
1560108880.185537
1560109448.3904152
1560110016.1144757
1560110584.7526913
1560111147.6111324
1560111731.998667
1560112288.130226
1560112843.4703124
1560113399.2045956
1560113955.3815188
1560114522.5499117
1560115066.5655203
1560115610.5754611
1560116153.3007598
1560116683.580667
1560117215.3818727
1560117745.7476058
1560118287.9657006
1560118818.1648364
1560119362.9599063
1560119905.4175546
1560120448.187698
1560120991.5040011
1560121543.2080157
1560122074.0183256
1560122625.6883113
1560123157.197237
1560123686.2998781
1560124227.4671333
1560124760.2956727
1560125292.819628
1560125823.710169
1560126367.9881024
1560126910.3131723
1560127453.3309448
1560127996.3168707
1560128541.4530048
1560129070.4550524
1560129601.30895
1560130131.771478
1560130661.546986
1560131194.6228511
1560131738.1268883
1560132294.8723688
1560132844.3149633
1560133373.5358849
1560133904.0955575
1560134447.6290364
1560135003.7089725
1560135564.4574623
1560136106.610677
1560136699.0866117
1560137254.667137
1560137797.5519524
1560138328.1701162
1560138858.1707437
1560139416.2527902
1560139972.304782
1560140502.2125015
1560141032.2426775
1560141562.4922104
1560142093.6938996
1560142623.77258
1560143157.8255255
1560143688.0868561
1560144230.231275
1560144772.7083533
1560145328.5558755
1560145885.2173061
1560146429.5145466
1560146971.9425285
1560147527.7999065
1560148096.2541828
1560148677.7500885
1560149259.3710563
1560149815.0290356
1560150379.803744
1560150942.6188362
1560151494.9593344
1560152104.9670892
1560152772.408635
1560153601.3025057
1560154512.3478937
1560155497.1124249
1560156532.8993583
1560157605.8871481
1560158689.3712075
1560159790.7364264
1560160890.9701405
1560161989.2566566
1560163092.6771212
1560164196.5202954
1560166166.8836687
1560167473.7913244
1560168843.2512228
1560170177.1594794
1560171551.0507364
1560173020.4872596
1560174464.9074183
1560175867.9043446
1560177281.352554
1560178677.7572398
1560180011.8272376
1560181157.737393
1560182303.707715
1560183414.641723
1560184522.3795607
1560185664.8031902
1560186798.351545
1560187927.9456348
1560189061.1402588
1560190190.7949934
1560191319.2970443
1560192456.7883067
1560193599.8953035
1560194724.0299084
1560195831.8302636
1560196934.51643
1560198048.057194
1560199167.0125892
1560200286.007045
1560201389.1095383
1560202494.1122632
1560203605.480806
1560204724.3314862
1560205826.3886695
1560206931.4216728
1560208031.4366107
1560209133.2798538
