1560862153.3244586
1560862159.214682
1560862165.0892823
1560862170.979506
1560862177.1665814
1560862183.7286353
1560862190.7594242
1560862198.1339228
1560862205.649015
1560862213.3359888
1560862220.9917178
1560862228.5863135
1560862236.0858026
1560862246.210111
1560862255.5014894
1560862263.5517416
1560862271.2524638
1560862278.6628785
1560862285.7544265
1560862292.7632804
1560862299.8559647
1560862306.845266
1560862313.9051018
1560862320.8382936
1560862327.751343
1560862334.727387
1560862341.6553793
1560862348.7372897
1560862355.7594533
1560862362.611608
1560862369.6014447
1560862376.5822902
1560862383.567097
1560862390.474148
1560862397.388199
1560862404.4031007
1560862411.2726383
1560862418.582306
1560862425.5255115
1560862432.4779532
1560862439.546751
1560862446.4702237
1560862453.4789727
1560862460.5887146
1560862467.5322351
1560862474.4542875
1560862481.450205
1560862488.4562354
1560862495.2856724
1560862502.2175071
1560862509.294826
1560862516.1729994
1560862523.1010404
1560862529.8366694
1560862536.7415366
1560862543.568625
1560862550.6927106
1560862558.714529
1560862565.660381
1560862572.6464052
1560862579.5456593
1560862586.5826404
1560862593.4911144
1560862600.4349709
1560862607.4642677
1560862614.4312863
1560862621.4717894
1560862628.378597
1560862635.5147066
1560862642.5028985
1560862649.4249215
1560862656.6051004
1560862663.426595
1560862670.43721
1560862677.3952618
1560862684.3240848
1560862691.1883955
1560862698.194864
1560862705.204961
1560862712.1792402
1560862720.5473344
1560862728.687417
1560862736.000231
1560862743.0183294
1560862750.1132197
1560862757.1708906
1560862764.151166
1560862771.1255696
1560862778.3007553
1560862785.1647394
1560862792.1220362
1560862799.1025605
1560862806.2275085
1560862813.2581568
1560862820.2251532
1560862827.2615738
1560862834.1803908
1560862841.2439444
1560862848.2917602
1560862855.2992947
1560862862.2699265
1560862869.2119844
1560862876.2410488
1560862883.228057
1560862890.169715
1560862897.1045535
1560862904.0064368
1560862910.9883611
1560862917.8757412
1560862924.7597425
1560862931.6578195
1560862938.631757
1560862945.572833
1560862952.5039694
1560862959.4480274
1560862966.578675
1560862973.6747608
1560862980.7518547
1560862987.7405324
1560862994.786506
1560863001.6827767
1560863008.6983027
1560863015.6798027
1560863022.7037985
1560863029.8074725
1560863036.9602258
1560863044.149784
1560863051.289111
1560863058.48398
1560863065.8518658
1560863072.9457934
1560863080.0703714
1560863087.253535
1560863094.3285463
1560863101.4698699
1560863108.5648074
1560863115.7422905
1560863122.9331756
1560863130.0799544
1560863137.3103843
1560863144.8106854
1560863151.9612076
1560863160.9714944
1560863169.5357852
1560863177.1388834
1560863184.2263036
1560863191.2524984
1560863198.3676124
1560863205.48692
1560863212.581051
1560863219.6357195
1560863226.9955828
1560863233.7980072
1560863240.688069
1560863247.7519765
1560863254.6739993
1560863261.3901713
1560863268.0773408
1560863274.9154537
1560863281.8185089
1560863289.9558368
1560863299.728253
1560863307.5549066
1560863314.65589
1560863321.8451962
1560863328.8813727
1560863335.8430917
1560863343.1468902
1560863350.1126776
1560863357.0148287
1560863363.9546037
1560863370.938172
1560863378.2563593
1560863385.5339644
1560863392.8254573
1560863400.07658
1560863407.4025352
1560863414.7725787
1560863422.0436542
1560863429.3737135
1560863436.6685953
1560863443.8827808
1560863451.0299287
1560863458.225226
1560863465.857072
1560863473.3379648
1560863480.629174
1560863487.842476
1560863495.207783
1560863502.4445636
1560863509.6325316
1560863516.754526
1560863524.1338632
1560863531.358896
1560863538.58547
1560863545.8270125
1560863553.0372949
1560863560.2012463
1560863567.4043179
1560863574.5667598
1560863581.8241093
1560863589.0018597
1560863596.215781
1560863603.4509163
1560863610.659138
1560863617.9404778
1560863625.1377962
1560863632.3760948
1560863639.5974636
1560863646.855686
1560863654.0983863
1560863661.2466788
1560863668.4551306
1560863675.6115925
1560863682.8143766
1560863690.281453
1560863697.5490477
1560863704.9846838
1560863712.278614
1560863720.5593944
1560863727.7666326
1560863734.935128
1560863742.1651433
1560863749.3562222
1560863756.6380494
1560863763.9746482
1560863771.1605427
1560863778.372645
1560863785.6113267
1560863792.8156018
1560863800.0541816
1560863807.1906178
1560863814.5010135
1560863821.7494426
1560863828.8773978
1560863836.106596
1560863843.3847523
1560863850.6202602
1560863857.7815366
1560863864.866453
1560863872.0362885
1560863879.147898
1560863886.3195455
1560863893.5141144
1560863900.7473087
1560863907.930757
1560863915.1857407
1560863922.397352
1560863929.5514827
1560863936.6600256
1560863944.150343
1560863951.3065567
1560863958.4986827
1560863965.7524455
1560863972.9386811
1560863980.1269453
1560863987.243394
1560863994.4118128
1560864001.6432872
1560864008.7914453
1560864015.8674352
1560864022.8382273
1560864029.9254663
1560864037.012508
1560864044.053689
1560864050.99999
1560864057.8724403
1560864064.7767808
1560864071.7293499
1560864078.8328497
1560864085.9534996
1560864092.937641
1560864099.981352
1560864106.8515513
1560864113.596076
1560864120.1393917
1560864126.571786
1560864132.9222863
1560864139.3100607
1560864145.6696734
1560864152.0298212
1560864158.5145822
1560864165.0202053
1560864171.632683
1560864178.1411576
1560864184.7730932
1560864191.2809975
1560864197.7609954
1560864204.2437658
1560864210.6314926
1560864216.996349
1560864223.495392
1560864230.0525432
1560864236.553491
1560864243.180109
1560864249.611413
1560864256.1564686
1560864262.5237563
1560864269.0046406
1560864275.530782
