1560866988.4853952
1560866994.2387078
1560866999.984738
1560867005.9374568
1560867010.2041147
1560867014.5475898
1560867019.0785081
1560867023.4375856
1560867027.5623055
1560867031.7196155
1560867035.8599393
1560867039.984658
1560867044.71871
1560867049.6900194
1560867054.2209804
1560867058.5956626
1560867062.8297675
1560867067.0638537
1560867071.1885533
1560867075.2820241
1560867079.5487592
1560867083.673478
1560867087.8294458
1560867091.969805
1560867096.141375
1560867105.798915
1560867113.1890368
1560867118.641787
1560867126.0506525
1560867131.8471332
1560867137.815473
1560867142.7995083
1560867147.424194
1560867152.3002331
1560867156.9405456
1560867161.487108
1560867165.814937
1560867170.3146493
1560867174.6125574
1560867178.9247837
1560867183.746975
1560867188.481029
1560867193.1089742
1560867197.45243
1560867201.9833686
1560867206.3424459
1560867210.6702766
1560867214.826243
1560867219.5134225
1560867224.559975
1560867230.3733964
1560867235.1386986
1560867239.435279
1560867244.1693323
1560867248.8891487
1560867253.420109
1560867258.2166364
1560867263.2631667
1560867268.9221396
1560867273.7655385
1560867278.921437
1560867283.2336445
1560867288.1083126
1560867292.2799008
1560867296.6077309
1560867301.8118796
1560867307.4052472
1560867312.4205291
1560867319.2027647
1560867327.6865628
1560867333.4049225
1560867340.2526917
1560867345.8304577
1560867350.7519765
1560867356.0016189
1560867361.6575027
1560867367.0164924
1560867372.4379969
1560867379.9062388
1560867384.8902733
1560867390.2037427
1560867395.2502713
1560867399.92183
1560867405.5620718
1560867410.8347032
1560867415.9124815
1560867421.0385556
1560867426.0382156
1560867430.9441307
1560867436.225018
1560867441.2163146
1560867446.0753782
1560867450.6531913
1560867455.2778752
1560867460.4679759
1560867465.2176707
1560867469.9829516
1560867474.3420289
1560867479.1542015
1560867485.4975173
1560867490.2628188
1560867495.1687531
1560867500.137145
1560867505.4024096
1560867510.466035
1560867515.4656928
1560867520.0747533
1560867524.9494236
1560867529.3412476
1560867533.622225
1560867538.1219175
1560867542.5434704
1560867547.5275066
1560867551.8271117
1560867556.373656
1560867560.8421001
1560867565.3730414
1560867569.8258655
1560867574.231814
1560867579.0596082
1560867583.7936609
1560867588.496465
1560867593.3555086
1560867598.3395443
1560867603.2156124
1560867607.7153065
1560867612.5274782
1560867616.808436
1560867621.4018922
1560867625.8234463
1560867631.7931225
1560867636.5584397
1560867641.3549883
1560867646.0421479
1560867650.4495766
1560867655.058637
1560867660.027027
1560867665.011061
1560867671.622871
1560867676.6225493
1560867681.6534352
1560867686.668719
1560867691.4027693
1560867696.5586703
1560867700.917746
1560867705.2924502
1560867710.838965
1560867715.8478854
1560867721.3828874
1560867731.4350314
1560867736.137838
1560867741.0281312
1560867746.5277529
1560867752.777327
1560867758.184624
1560867763.4499094
1560867768.2464561
1560867772.6523867
1560867777.15208
1560867781.9031403
1560867786.7465408
1560867791.7305737
1560867798.1676345
1560867803.560872
1560867808.8573873
1560867813.9820569
1560867819.1263452
1560867824.2918832
1560867829.2446706
1560867834.1505852
1560867838.5252879
1560867843.1968448
1560867849.633904
1560867855.1179066
1560867863.7266922
1560867870.008871
1560867875.539744
1560867880.952857
1560867885.6869304
1560867890.21785
1560867895.1237674
1560867899.8890657
1560867904.3887618
1560867909.1555154
1560867913.9989328
1560867918.8892229
1560867923.576406
1560867928.389889
1560867933.2489326
1560867938.5767145
1560867943.9513285
1560867949.0617871
1560867953.5146058
1560867958.09242
1560867962.8889668
1560867968.108813
1560867972.6241298
1560867977.2644398
1560867981.717262
1560867986.341943
1560867990.7335966
1560867995.0926747
1560867999.4048805
1560868003.7639778
1560868008.3573928
1560868012.9991019
1560868017.7956493
1560868022.6234434
1560868027.2325037
1560868031.9836192
1560868036.3114495
1560868040.8423908
1560868045.138972
1560868049.530601
1560868053.9052825
1560868058.2331107
1560868062.576566
1560868067.0293882
1560868071.6085289
1560868076.030102
1560868080.72116
1560868085.455212
1560868090.0642529
1560868094.6902866
1560868099.1587124
1560868103.6896517
1560868108.408101
1560868113.5029655
1560868118.705737
1560868124.1585004
1560868130.1737058
1560868134.7217715
1560868139.1589682
1560868143.502424
1560868148.7364395
1560868153.878051
1560868159.205813
1560868164.8616972
1560868169.6582246
1560868174.6125023
1560868179.4715445
1560868184.674296
1560868189.0646224
1560868193.6751277
1560868199.0341578
1560868203.596328
1560868208.0491483
1560868212.5813875
1560868216.8154767
1560868221.4558008
1560868225.783613
1560868230.111443
1560868234.4563
1560868239.159086
1560868243.6900265
1560868248.0647306
1560868252.7050555
1560868257.2843208
1560868261.752765
1560868266.3774495
1560868270.8615181
1560868275.1907525
1560868279.799794
1560868284.2369916
1560868288.6116934
1560868293.0801363
1560868297.3000822
1560868302.5028477
1560868309.096149
1560868314.095809
1560868318.8312082
1560868323.1902828
1560868328.3305583
1560868333.2520976
1560868337.9562624
1560868343.0184145
1560868347.3462436
1560868351.705343
1560868355.9719808
1560868360.2998316
1560868364.7370071
1560868369.8147862
1560868375.6114
1560868380.543491
1560868385.0744302
1560868389.6834898
1560868394.3081954
1560868398.8404272
1560868403.480735
1560868407.9960523
1560868413.1583807
1560868417.690642
1560868422.5340803
1560868427.4556005
1560868431.9865613
1560868437.2537398
1560868442.4288964
1560868447.6321971
1560868452.5863798
1560868457.7606735
