1560351084.959937
1560351180.968953
1560351286.460484
1560351381.8772109
1560351480.3674576
1560351585.043368
1560351688.0987754
1560351800.5257645
1560351923.5812027
1560352049.5100336
1560352174.113981
1560352302.1825268
1560352437.9319324
1560352567.3774877
1560352695.666854
1560352820.1439326
1560352935.5266163
1560353057.2694843
1560353180.5184028
1560353299.5373218
1560353416.977456
1560353539.28239
1560353651.4465432
1560353762.0808609
1560353880.7133198
1560356355.0930674
1560356458.6163554
1560356553.5629623
1560356649.3706772
1560356745.832786
1560356844.7961366
1560356943.1175146
1560357041.6432495
1560357139.9802115
1560357237.7561202
1560357334.8132505
1560357434.5720148
1560357532.691555
1560357630.1692207
1560357726.2576969
1560357821.0324237
1560357913.980438
1560358004.4585867
1560358094.359921
1560358183.4631634
1560358272.8645318
1560358361.6084228
1560358450.4317143
1560358538.9099824
1560358627.8895476
1560358716.1803453
1560358806.0037081
1560358894.3882298
1560358983.6333828
1560359072.1429152
1560359160.935085
1560359250.460192
1560359339.2679172
1560359427.8399243
1560359516.8350844
1560359605.3133647
1560359714.8978882
1560359803.094942
1560359891.4027693
1560359986.6286254
1560360078.6080978
1560360170.2111864
1560360260.3469028
1560360351.9187434
1560360443.4763029
1560360539.0009768
1560360651.3511014
1560360755.5158267
1560360856.2914143
1560360957.9263415
1560361061.6535778
1560361163.3666184
1560361276.6869442
1560361379.399954
1560361481.9241462
1560361581.1934302
1560361684.1720638
1560361786.9930913
1560361891.2061145
1560362006.5258102
1560362122.7065692
1560362233.9815464
1560362339.8648815
1560362438.8906431
1560362535.9437249
1560362632.796414
1560362731.0097644
1560362828.3311903
1560362925.3570936
1560363022.178554
1560363118.6732845
1560363215.4791212
1560363312.9113016
1560363408.7484546
1560363505.2588022
1560363604.0488794
1560363700.7935472
1560363797.647595
1560363895.6096225
1560363993.7760742
1560364091.7537055
1560364190.529472
1560364289.007069
1560364386.5953999
1560364492.436318
1560364592.051847
1560364690.7963886
1560364789.1958632
1560364887.987247
1560364985.7474182
1560365083.631324
1560365181.2977824
1560365280.1503754
1560365378.5980015
1560365476.794386
1560365574.3359268
1560365672.5010636
1560365770.8862636
1560365869.2758002
1560365969.0514598
1560366067.249118
1560366165.6017225
1560366264.4868782
1560366362.6832438
1560366462.0527093
1560366560.57718
1560366657.6053767
1560366754.8955572
1560366852.1714122
1560366949.4772162
1560367046.9093273
1560367145.6510086
1560367244.0361621
1560367341.9214203
1560367439.3053427
1560367536.9405367
1560367634.6369364
1560367731.7253602
1560367828.4843245
1560367925.572718
1560368022.222313
1560368119.4357028
1560368217.0852485
1560368315.1735187
1560368414.924098
1560368512.5384986
1560368609.7311451
1560368705.6412864
1560368802.6929035
1560368899.432241
1560368995.7339013
1560369093.0185091
1560369189.664072
1560369286.9346726
1560370516.0624616
1560370614.0943246
1560370711.850538
1560370809.769308
1560370907.7424612
1560371007.7312417
1560371107.4082406
1560371206.083172
1560371304.2128518
1560371402.3380513
1560371500.6067076
1560371600.4362655
1560371698.5938506
1560371796.6583188
1560371894.1897802
