1560342781.6800573
1560342782.0237882
1560342782.3519068
1560342782.6018896
1560342782.8518505
1560342783.1018336
1560342783.4924345
1560342783.758039
1560342784.0080426
1560342784.3048813
1560342784.679855
1560342785.0548255
1560342785.4141808
1560342785.679782
1560342785.9610147
1560342786.2109957
1560342786.4297311
1560342786.7265868
1560342787.0421216
1560342787.3858693
1560342787.635851
1560342787.8545647
1560342788.1201723
1560342788.370175
1560342788.58891
1560342788.885766
1560342789.1045003
1560342789.3701074
1560342789.5888424
1560342789.8231812
1560342790.0575593
1560342790.3075235
1560342790.5418806
1560342790.8231316
1560342791.104344
1560342791.3699696
1560342791.651191
1560342791.9949062
1560342792.2292652
1560342792.5261188
1560342792.8073525
1560342793.0417285
1560342793.2760894
1560342793.6666667
1560342794.1510074
1560342794.3853645
1560342794.6197464
1560342794.8697083
1560342795.135336
1560342795.4477925
1560342795.7602718
1560342796.0571246
1560342796.3071082
1560342796.666461
1560342797.0414345
1560342797.3070605
1560342797.603896
1560342797.9632442
1560342798.275723
1560342798.5725987
1560342798.869433
1560342799.1038108
1560342799.3381703
1560342799.7443733
1560342800.1349723
1560342800.49432
1560342800.7911747
1560342801.0567822
1560342801.29114
1560342801.5254986
1560342801.7598596
1560342802.0098422
1560342802.3535876
1560342802.79104
1560342803.3378763
1560342804.2128136
1560342804.869023
1560342805.447105
1560342806.0876877
1560342806.6813946
1560342807.2126095
1560342807.8077571
1560342808.3077276
1560342808.5421004
1560342808.8233109
1560342809.0420463
1560342809.276405
1560342809.4951422
1560342809.7451239
1560342809.979483
1560342810.2294643
1560342810.4794483
1560342810.713827
1560342810.9481864
1560342811.182526
1560342811.4012578
1560342811.7137384
1560342812.0262172
1560342812.2605767
1560342812.4949377
1560342812.7917902
1560342813.0105245
1560342813.2605066
1560342813.5261133
1560342813.791728
1560342814.0260787
1560342814.2448142
1560342814.4791737
1560342814.7448003
1560342815.088505
1560342815.3228629
1560342815.5572424
1560342815.791582
1560342816.0415666
1560342816.2759252
1560342816.4946604
1560342816.744643
1560342816.9789999
1560342817.21336
1560342817.447719
1560342817.6664538
1560342817.9789326
1560342818.213292
1560342818.447651
1560342818.666383
1560342818.8851209
1560342819.1194804
1560342819.3382144
1560342819.5725727
1560342819.806936
1560342820.0569139
1560342820.3381443
1560342820.556879
1560342820.7756128
1560342821.056846
1560342821.3068275
1560342821.541187
1560342821.7599223
1560342821.9943
1560342822.2130165
1560342822.4473739
1560342822.6817327
1560342822.9629624
1560342823.1816971
1560342823.4160585
1560342823.6347933
1560342823.8535464
1560342824.0722818
1560342824.3066196
1560342824.5566053
1560342824.7909837
1560342825.0097003
1560342825.2440581
1560342825.4784167
1560342825.712773
1560342825.9315102
1560342826.1502426
1560342826.4627252
1560342826.7283313
1560342826.9627082
1560342827.1814253
1560342827.4157836
1560342827.6501398
1560342827.8717809
1560342828.121744
1560342828.3717265
1560342828.5904613
1560342828.8248188
1560342829.0591793
1560342829.2935395
1560342829.5278955
1560342829.7778814
1560342830.0122397
1560342830.2309713
1560342830.4653327
1560342830.6996894
1560342830.9184263
1560342831.1527848
1560342831.449638
1560342831.6996284
1560342831.933982
1560342832.1683602
1560342832.4183419
1560342832.6526818
1560342832.9026637
1560342833.137024
1560342833.3714018
1560342833.5901158
1560342833.8244762
1560342834.105708
1560342834.340067
1560342834.558802
1560342834.8244264
1560342835.0743883
1560342835.3087678
1560342835.55873
1560342835.8555849
1560342836.1211936
1560342836.4336717
1560342836.652425
1560342836.9180322
1560342837.1523743
1560342837.3867302
1560342837.6054642
1560342837.8398457
1560342838.1679463
1560342838.3866627
1560342838.7460105
1560342839.0116758
1560342839.2928686
1560342839.5272071
1560342839.7772112
1560342840.0115497
1560342840.2771578
1560342840.4958923
1560342840.7771213
1560342841.0271058
1560342841.2770894
1560342841.5583384
1560342841.7926779
1560342842.0114315
1560342842.2457697
1560342842.4645069
1560342842.6832397
1560342842.9176192
1560342843.1363544
1560342843.3707142
1560342843.58943
1560342843.8081622
1560342844.0425212
1560342844.2612581
1560342844.495615
1560342844.71435
1560342844.9487116
1560342845.1674433
1560342845.4018047
1560342845.620558
1560342845.839294
1560342846.0736308
1560342846.2923682
1560342846.5267258
1560342846.7454624
1560342846.9641972
1560342847.1985562
1560342847.4329157
1560342847.6516497
1560342847.886007
1560342848.104764
1560342848.3248389
1560342848.5591993
1560342848.824806
1560342849.0435405
1560342849.2778995
1560342849.496634
1560342849.7309933
1560342849.9809763
1560342850.2153354
1560342850.4496922
1560342850.6684268
1560342850.8871644
1560342851.1215234
1560342851.3402555
1560342851.5589933
1560342851.7933705
1560342852.0120862
1560342852.2308402
1560342852.4651794
1560342852.6839154
1560342852.918293
1560342853.137009
1560342853.3557622
1560342853.5744975
1560342853.808856
1560342854.0432155
1560342854.2619314
1560342854.4806662
1560342854.699399
1560342854.9337597
1560342855.1681383
1560342855.3868535
1560342855.6055863
1560342855.8399477
1560342856.074305
1560342856.2930427
1560342856.5117772
1560342856.7461333
1560342856.964869
1560342857.183605
1560342857.4179645
1560342857.6523445
1560342857.8866796
1560342858.1210423
1560342858.3553994
1560342858.5741322
1560342858.8084927
1560342859.0272272
1560342859.2615857
1560342859.480342
1560342859.6990597
1560342859.917793
