1560348068.154861
1560348073.4206717
1560348077.2641761
1560348081.1545322
1560348084.9042578
1560348089.560205
1560348094.4973457
1560348100.200077
1560348106.1840403
1560348111.3711827
1560348116.9815905
1560348121.3562887
1560348126.0278418
1560348130.0431907
1560348133.9023008
1560348137.6364155
1560348141.526773
1560348145.4640045
1560348149.4949763
1560348153.7915561
1560348158.3381371
1560348162.244101
1560348166.1969712
1560348170.2123199
1560348174.1807835
1560348178.1492555
1560348181.8989973
1560348185.726879
1560348189.55472
1560348194.1325278
1560348198.5541
1560348202.194473
1560348206.2144668
1560348210.1048238
1560348214.4638977
1560348219.5729218
1560348223.182049
1560348227.2755177
1560348230.9315152
1560348234.69688
1560348240.5714765
1560348245.461765
1560348249.445885
1560348253.6174524
1560348257.5390773
1560348261.6481504
1560348265.7260165
1560348269.397617
1560348273.4285905
1560348277.4126897
1560348281.3186717
1560348285.2090306
1560348289.2243803
1560348293.0991094
1560348296.9595876
1560348300.8811927
1560348304.9746602
1560348309.130625
1560348312.9272382
1560348316.7707245
1560348320.6767058
1560348324.629557
1560348328.582411
1560348332.332154
1560348336.4725125
1560348340.7065964
1560348345.0031545
1560348349.3466077
1560348353.4869475
1560348358.080382
1560348362.2988393
1560348367.454735
1560348371.673215
1560348376.500987
1560348381.063175
1560348385.8284705
1560348390.0781984
1560348395.0153363
1560348398.9681902
1560348403.3666594
1560348407.5070012
1560348411.9129462
1560348416.2563963
1560348420.396738
1560348424.458958
1560348428.8492818
1560348433.3645961
1560348437.6924222
1560348441.9108825
1560348446.3480766
1560348450.6602798
1560348455.6755612
1560348461.018945
1560348465.6592474
1560348470.9870062
1560348476.1897733
1560348481.6752136
1560348485.6905625
1560348489.7215319
1560348493.8306248
1560348497.8459742
1560348501.7675803
1560348505.8298006
1560348509.8920398
1560348514.016737
1560348518.0320854
1560348521.95371
1560348526.8629143
1560348532.1777053
1560348537.5054646
1560348542.3020105
1560348547.0829284
1560348552.2857168
1560348556.926006
1560348561.6600518
1560348566.5034697
1560348571.1593976
1560348575.4559777
1560348580.2681446
1560348585.0803342
1560348589.51751
1560348593.6266215
1560348597.9388041
1560348602.047897
1560348606.2351081
1560348611.0195384
1560348617.2680366
1560348623.2207506
1560348630.1340463
1560348635.8486314
1560348640.4274604
1560348644.5024397
1560348648.777385
1560348652.944323
1560348657.3032253
1560348661.6754253
1560348666.1183085
1560348670.5132062
1560348675.1960294
1560348679.4629788
1560348683.709894
1560348687.9648256
1560348692.1277795
1560348696.5786629
1560348700.7136228
1560348706.168256
1560348711.8681984
1560348720.214102
1560348726.1246188
1560348731.7472062
1560348736.5220265
1560348742.936397
1560348748.4670274
1560348753.5257378
1560348758.4045124
1560348763.3632662
1560348768.1140757
1560348772.8528848
1560348777.73566
1560348782.4264834
1560348787.1532955
1560348792.2760093
1560348796.96683
1560348801.5936694
1560348806.5804155
1560348812.003056
1560348817.5896518
1560348822.6763759
1560348827.567147
1560348832.5818903
1560348837.4286726
1560348842.4647453
1560348847.7434163
1560348852.950108
1560348858.1607995
1560348863.175543
1560348868.0023282
1560348872.7891278
1560348877.6838996
1560348882.4467022
1560348887.3574698
1560348892.1962543
1560348897.1670067
1560348902.0657763
1560348907.600389
1560348912.9070556
1560348918.1057518
1560348923.0805004
1560348928.1752207
1560348933.0579984
1560348938.0847347
1560348942.8755302
1560348947.6623297
1560348952.6410823
1560348957.45987
1560348962.430621
1560348967.109446
1560348972.1561792
1560348977.2429037
1560348982.601557
1560348987.6003227
1560348992.7030234
1560348998.541556
1560349003.3483477
1560349008.1031744
1560349012.9979274
1560349017.8207161
1560349022.5609055
1560349027.3716981
1560349032.0985308
1560349037.3131998
1560349042.1119957
1560349046.8947976
1560349051.809561
1560349056.6083574
1560349061.5071273
1560349066.19795
1560349071.188695
1560349076.0954626
1560349080.954244
1560349085.8810086
1560349090.76378
1560349095.410616
1560349100.133431
1560349104.9082317
1560349109.4950771
1560349114.1939187
1560349121.0201857
1560349126.6897075
1560349131.9393475
1560349136.470284
1560349141.157461
1560349146.2039888
1560349150.9536648
1560349155.5002246
1560349159.812427
1560349164.0933828
1560349168.4055865
1560349172.6865416
1560349176.9675002
1560349181.1390872
1560349185.5450308
1560349189.9353566
1560349194.3881738
1560349198.764216
1560349203.1232913
1560349207.5604863
1560349211.8414426
1560349216.1848922
1560349220.465846
1560349224.7468035
1560349229.1215036
1560349233.6993108
1560349237.902147
1560349242.1206088
1560349246.6203165
1560349250.885628
1560349255.229078
1560349259.6194217
1560349264.1190932
1560349268.587535
1560349273.1341007
1560349277.6494117
1560349281.9459913
1560349286.258195
1560349290.6485176
1560349294.9138484
1560349299.679145
1560349303.9601014
1560349308.1941845
1560349312.5376363
1560349316.709225
1560349321.0370495
1560349325.4742453
1560349329.7864497
1560349334.1142752
1560349338.504597
1560349342.7386818
1560349347.0508857
1560349351.2849693
1560349355.62842
1560349360.0656133
1560349364.3778172
1560349368.6587722
1560349373.0334692
1560349377.2675548
1560349381.9561577
1560349386.4558485
1560349390.9399154
1560349395.627093
1560349400.0330398
1560349404.5639777
1560349409.0167975
1560349413.4071183
1560349417.813067
1560349422.0315247
1560349426.484343
1560349431.0465302
1560349435.9524422
1560349440.6708682
