1560773207.1474667
1560773488.0407562
1560773771.9241955
1560774078.1585805
1560774375.2151604
1560774697.893513
1560775004.8922973
1560775316.7802052
1560775627.527668
1560775948.7975104
1560776262.5337536
1560776573.5298347
1560776889.1207004
1560777205.5707467
1560777516.4670758
1560777836.6783981
1560778167.5633087
1560778511.7131531
1560778847.7899575
1560779221.47152
1560779575.7913294
1560779901.0659752
1560780215.7284236
1560780532.9284256
1560780862.8906887
1560781179.416262
1560781501.8502345
1560781817.6072266
1560782130.7903767
1560782455.4243407
1560782779.7332313
1560783094.6810427
1560783410.3962057
1560783732.7675538
1560784063.9488218
1560784430.8665369
1560784804.7837672
1560785186.6995797
1560785544.6761758
1560785885.2505386
1560786210.2586493
1560786526.2857044
1560786843.4997668
1560787159.339432
1560787474.6332586
1560787788.2710266
1560788101.4665287
1560788416.712082
1560788728.3810828
1560789040.4203734
1560789375.1932304
1560789754.280106
1560790144.4713604
1560790518.1681921
1560790865.3475041
1560791219.251204
1560791564.5216358
1560791899.3182104
1560792256.012635
1560792605.3749094
1560792952.4004147
1560793287.6650653
1560793622.214319
1560793971.4792185
1560794328.6402445
1560794668.8598862
1560795037.3352313
1560795381.5640008
1560795699.8698359
1560796012.2422986
1560796332.5143511
1560796647.9993825
1560796978.5429397
1560797294.6193125
1560797604.069672
1560797928.8595052
1560798254.114707
1560798564.9409463
1560798859.8520813
1560799176.2752597
1560799491.0042741
1560799811.584532
1560800131.766266
1560800408.4444406
1560800716.7529387
1560801012.2096674
1560801328.275948
1560801647.9574432
1560802010.3914478
1560802334.0524962
1560802599.419695
1560802863.3513536
1560803136.1621675
1560803406.0323913
1560803679.562017
1560803975.3336632
1560804250.108289
1560804513.4510553
1560804792.169162
1560805051.3228397
1560805311.2347126
1560805569.7978396
1560805828.2535748
1560806085.9717116
1560806344.2940574
1560806607.8062825
1560806866.8965626
1560807125.2077632
1560807388.067408
1560807696.1591396
1560808025.2380433
1560808350.6457326
1560808673.9277866
1560809001.1595292
1560809324.8327065
1560809643.1742022
1560810008.261924
1560810376.1339889
1560810722.0545514
1560811069.9777112
1560811400.0294826
1560811746.895882
1560812089.6675808
1560812376.810598
1560812653.9352283
1560812939.1204262
1560813267.756853
1560813582.0476983
1560813890.382073
1560814232.4244874
1560814597.1969767
1560814984.784777
1560815363.9533637
1560815770.0239098
1560816160.02082
1560816445.492985
1560816755.083533
1560817089.9430976
1560817405.9123192
1560817727.112464
1560818045.060323
1560818359.1520627
1560818707.9264584
1560819068.8266504
1560819404.2489707
1560819698.4376345
1560819990.6431534
1560820282.5298579
1560820577.1026795
1560820884.2208977
1560821178.9206462
1560821473.022444
1560821769.8219447
1560822066.0506153
1560822366.265894
1560822658.0003233
1560822947.8746574
1560823231.599201
1560823558.819455
1560823907.1684816
1560824229.4460568
1560824556.1443405
1560824884.6195078
1560825169.10414
1560825428.7293522
1560825693.4645352
1560825952.1999524
1560826211.1835637
1560826472.5278618
1560826733.3481393
1560826994.520627
1560827272.4778395
1560827543.904455
1560827803.0601645
1560828060.9359722
1560828319.6852472
1560828578.1968958
1560828837.071195
1560829097.5234723
1560829355.8835309
1560829614.5654497
1560829874.206741
1560830133.297713
1560830395.4685533
1560830658.1395535
1560830917.7964303
1560831176.2958493
1560831435.3048663
1560831693.4618866
1560831954.2422788
1560832212.3523457
1560832471.5836263
1560832729.9749393
1560832988.114993
1560833246.3438556
1560833505.14134
1560833763.373137
1560834023.1706724
1560834282.4011767
1560834540.8862398
1560834799.8386843
1560835058.5269325
1560835317.6170638
1560835577.0850828
1560835837.75746
1560836097.3408701
1560836356.6129978
1560836616.0498009
1560836876.08155
1560837137.5743446
1560837397.59059
1560837667.068473
1560837927.130135
1560838186.9918902
1560838446.6331215
1560838721.6625674
1560838992.9693677
1560839252.812382
1560839512.3285372
1560839776.1244085
1560840037.996653
1560840296.2616396
1560840554.0747502
1560840812.6522765
1560841070.551382
1560841332.6299005
1560841590.816726
1560841848.3330474
1560842106.0325248
1560842363.4082055
1560842621.017017
1560842882.9655824
1560843140.0912738
1560843398.246825
1560843656.060144
1560843913.7279003
1560844171.3535776
1560844429.7435837
1560844688.195393
1560844947.503594
1560845206.1123283
1560845465.8629985
1560845723.9381032
1560845981.5949795
1560846241.891106
1560846500.3904316
1560846758.5744572
1560847019.120477
1560847277.1211405
1560847535.1673918
1560847793.069619
1560848050.8033688
1560848308.7101965
1560848567.7720196
1560848826.766948
1560849084.9238987
1560849342.7044919
1560849601.32682
1560849858.6544435
1560850116.717598
1560850374.3576386
1560850632.1648312
1560850889.8998814
1560851147.6492264
1560851406.6185803
1560851664.4268582
1560851921.912315
1560852181.286653
1560852439.484072
1560852697.4222934
1560852954.7498417
1560853213.1880014
1560853470.7911572
1560853729.0887077
1560853986.9942796
1560854248.0558674
1560854506.1154747
1560854764.2397738
1560855021.5842614
1560855279.3179955
1560855537.0369852
1560855829.8276424
1560856113.430869
1560856371.8865302
1560856629.4483757
1560856887.1679206
1560857144.9641738
1560857402.6001024
1560857659.7727072
1560857917.9283042
1560858176.7046583
1560858435.0674703
1560858693.0667784
1560858950.5327642
1560859216.4309227
1560859474.4316545
1560859734.0091429
1560859991.9473257
1560860249.477078
1560860506.9607627
