1559999134.8261533
1559999169.4029675
1559999198.916236
1559999222.836117
1559999245.6529715
1559999257.2541847
1559999268.458048
1559999279.587538
1559999290.8316522
1559999301.791354
1559999312.7690852
1559999323.9178462
1559999336.0660036
1559999346.988117
1559999358.1552982
1559999369.037252
1559999380.193929
1559999391.2302353
1559999402.4158623
1559999413.2163074
1559999424.7395487
1559999435.5255723
1559999446.267853
1559999457.4806745
1559999468.6164718
1559999479.6876633
1559999490.9166565
1559999501.9671772
1559999512.9580774
1559999524.1457126
1559999535.0057404
1559999545.81654
1559999556.455631
1559999566.977904
1559999577.8797069
1559999588.4514937
1559999599.171585
1559999611.7771053
1559999622.321752
1559999632.7183697
1559999643.0286138
1559999653.7127993
1559999664.0700219
1559999674.1252453
1559999684.5026782
1559999694.8787127
1559999705.2103672
1559999715.5282583
1559999725.8043623
1559999736.1539333
1559999746.2961988
1559999756.4738908
1559999766.7120736
1559999776.9912443
1559999787.1748216
1559999797.2196853
1559999807.172487
1559999817.0625532
1559999827.305332
1559999837.3993862
1559999848.1891937
1559999857.2687356
1559999866.2379375
1559999875.3965824
1559999884.6320033
1559999893.6339147
1559999902.8520305
1559999912.0398703
1559999921.0730402
1559999929.9022965
1559999938.8733687
1559999948.0290082
1559999957.0787497
1559999966.326951
1559999975.3151736
1559999984.3614266
1559999993.3156657
1560000002.6455417
1560000011.583995
1560000020.9453845
1560000029.978841
1560000039.0120337
1560000048.0999334
1560000057.0384996
1560000065.9128897
1560000074.7070396
1560000083.6025188
1560000092.5460272
1560000101.2661288
1560000110.048286
1560000118.9566388
1560000128.0022392
1560000136.9419932
1560000145.7866144
1560000155.143894
1560000165.547409
1560000175.2227151
1560000184.8623178
1560000194.7784362
1560000204.8203042
1560000214.5101132
1560000224.2139585
1560000233.8467898
1560000243.7567194
1560000254.091033
1560000264.0201921
1560000275.2064888
1560000284.9955413
1560000294.853878
1560000304.9412525
1560000314.8244145
1560000325.229227
1560000336.4886765
1560000346.3820627
1560000356.5304627
1560000367.4208233
1560000379.5060036
1560000389.8059187
1560000400.5014677
1560000411.3109045
1560000420.9730072
1560000430.9380252
1560000440.6730363
1560000450.4592097
1560000460.080144
1560000469.6525698
1560000479.414243
1560000489.2323737
1560000499.1649473
1560000508.7950695
1560000518.5178175
1560000528.2780635
1560000538.154641
1560000547.997234
1560000557.890336
1560000567.9137955
1560000577.7747235
1560000587.409594
1560000596.8182316
1560000606.3618107
1560000615.926943
1560000626.042801
1560000635.3902533
1560000644.9436245
1560000654.594187
1560000664.1340728
1560000673.7150354
1560000683.2935238
1560000692.9295413
1560000702.4326828
1560000711.7991693
1560000721.0989664
1560000730.5534635
1560000739.8948495
1560000749.2447119
1560000758.5614119
1560000767.928424
1560000777.2492347
1560000786.7770777
1560000796.1290514
1560000805.5183442
1560000815.110852
1560000824.3840768
1560000833.7495716
1560000843.2457697
1560000852.793976
1560000862.1943524
1560000871.9101496
1560000881.4639616
1560000890.9785132
1560000900.5558224
1560000911.7683766
1560000921.079568
1560000930.412038
1560000939.651182
1560000948.9809022
1560000958.2792685
1560000967.5373313
1560000976.9009461
1560000986.1820028
1560000995.6510901
1560001005.1818528
1560001014.4150004
1560001023.8424115
1560001034.2976692
1560001043.7460456
1560001053.2142415
1560001062.2950509
1560001071.4945934
1560001080.6372497
1560001089.9590597
1560001099.1622798
1560001108.5387146
1560001117.5414586
1560001126.4139998
1560001135.6128113
1560001145.4681668
1560001154.920542
1560001164.1022718
1560001173.1289513
1560001181.9677296
1560001190.8500562
1560001199.6689024
1560001208.4184294
1560001217.0627637
1560001227.2663534
1560001236.2611363
1560001245.087911
1560001253.9351273
1560001262.7543
1560001271.5372567
1560001280.267649
1560001289.0361927
1560001297.6605985
1560001306.6960454
1560001315.7900422
1560001324.8659222
1560001334.5523643
1560001343.1711285
1560001351.3201737
1560001359.2968414
1560001367.2508316
1560001375.1905198
1560001383.0987659
1560001391.0669682
1560001398.926256
1560001406.7730465
1560001414.633454
1560001422.5096884
1560001430.4310381
1560001438.496511
1560001446.515159
1560001454.4521317
1560001462.4046912
1560001470.626363
1560001478.7210844
1560001486.926221
1560001495.2708242
1560001503.5688355
1560001511.9276142
1560001519.8987653
1560001528.007475
1560001536.1162732
1560001544.1493912
1560001552.154147
1560001560.122348
1560001568.0921519
1560001576.0134814
1560001584.060517
1560001592.01676
1560001600.065526
1560001608.34846
1560001616.8166475
1560001624.8195534
1560001633.0412166
1560001641.1034353
1560001649.4013472
1560001657.5882847
1560001665.894495
1560001674.098913
1560001682.2717533
1560001690.508123
1560001698.8541834
1560001707.072348
1560001715.589229
1560001723.8567011
1560001732.0621262
1560001740.3613493
1560001749.1263902
1560001757.2209973
1560001766.3829918
1560001775.7075508
1560001784.0532818
1560001793.236248
1560001801.7374737
1560001810.0870783
1560001818.047474
1560001826.5937612
1560001834.6263504
1560001842.5649087
1560001850.5330908
1560001859.003894
1560001867.051679
1560001875.1144602
1560001883.1944742
1560001891.365767
1560001899.5069718
1560001907.5863073
1560001915.7741785
1560001924.0473313
1560001932.3748643
1560001940.6382039
1560001948.844363
1560001957.0679462
1560001965.1937773
1560001973.177603
1560001981.377894
1560001989.5088654
1560001997.6821046
1560002005.8707607
