1560347991.7226222
1560347991.7851195
1560347991.8476152
1560347991.925733
1560347991.98823
1560347992.0663507
1560347992.144472
1560347992.2069657
1560347992.2850852
1560347992.3475785
1560347992.410096
1560347992.4881947
1560347992.5975645
1560347992.6600611
1560347992.7382042
1560347992.800694
1560347992.878814
1560347992.9413102
1560347993.0037854
1560347993.0819037
1560347993.144401
1560347993.2069156
1560347993.2694118
1560347993.3475325
1560347993.4412742
1560347993.5037696
1560347993.5662475
1560347993.6600087
1560347993.7225058
1560347993.8006244
1560347993.8631208
1560347993.9255989
1560347994.0037184
1560347994.144351
1560347994.2224503
1560347994.3005707
1560347994.3943126
1560347994.5193253
1560347994.5818
1560347994.6599255
1560347994.7536674
1560347994.831784
1560347994.8943002
1560347994.9724002
1560347995.034894
1560347995.0973916
1560347995.1598847
1560347995.22238
1560347995.3005002
1560347995.4567409
1560347995.6286054
1560347995.878589
1560347996.1285703
1560347996.2848105
1560347996.4566739
1560347996.612913
1560347996.7222798
1560347996.8004005
1560347996.9097674
1560347996.9878864
1560347997.0660064
1560347997.1441228
1560347997.206621
1560347997.2691221
1560347997.3784842
1560347997.519099
1560347997.6128428
1560347997.7065861
1560347997.784705
1560347997.8472
1560347997.9096963
1560347997.9721951
1560347998.0347083
1560347998.097205
1560347998.1596804
1560347998.2378001
1560347998.3002973
1560347998.3628116
1560347998.409663
1560347998.4721591
1560347998.5346532
1560347998.6127727
1560347998.67527
1560347998.7221422
1560347998.784636
1560347998.8783798
1560347998.9721262
1560347999.0502427
1560347999.1283658
1560347999.1908622
1560347999.2689815
1560347999.3471005
1560347999.4720893
1560347999.5189602
1560347999.5814574
1560347999.6595752
1560347999.7220926
1560347999.7845666
1560347999.847064
1560347999.9095585
1560347999.9876993
1560348000.1126707
1560348000.1907895
1560348000.2533052
1560348000.3314066
1560348000.3782778
1560348000.4407928
1560348000.5189123
1560348000.6751313
1560348000.753252
1560348000.8470175
1560348000.956363
1560348001.050106
1560348001.1438513
1560348001.2375932
1560348001.3313377
1560348001.409456
1560348001.4719517
1560348001.5813193
1560348001.6594412
1560348001.7375643
1560348001.8313046
1560348001.8938003
1560348001.9875433
1560348002.0656612
1560348002.206277
1560348002.3156452
1560348002.3937645
1560348002.5031316
1560348002.6593838
1560348002.753113
1560348002.8312352
1560348002.8937495
1560348002.9562445
1560348003.0499692
1560348003.1593585
1560348003.221831
1560348003.2999718
1560348003.4093194
1560348003.4718177
1560348003.5343087
1560348003.61245
1560348003.6905692
1560348003.7686675
1560348003.831164
1560348003.909304
1560348003.9717808
1560348004.0499003
1560348004.1280222
1560348004.206139
1560348004.284257
1560348004.346755
1560348004.4404995
1560348004.5186176
1560348004.5967364
1560348004.6592321
1560348004.7529747
1560348004.815472
1560348004.8779664
1560348004.92484
1560348004.9873326
1560348005.049831
1560348005.112346
1560348005.1748228
1560348005.2373366
1560348005.2998123
1560348005.3466861
1560348005.409179
1560348005.4716814
1560348005.5341728
1560348005.5966685
1560348005.659162
1560348005.7216597
1560348005.7841554
1560348005.846651
1560348005.9091656
1560348005.9716427
1560348006.034139
1560348006.096635
1560348006.1591277
1560348006.2216241
1560348006.2685165
1560348006.330991
1560348006.3934894
1560348006.4559832
1560348006.51848
1560348006.5809765
1560348006.643469
1560348006.7059653
1560348006.784088
1560348006.8465898
1560348006.9247017
1560348006.9871988
1560348007.0653164
1560348007.1278327
1560348007.1903067
1560348007.2371786
1560348007.315299
1560348007.3777957
1560348007.4715445
1560348007.549657
1560348007.6277776
1560348007.7058964
1560348007.768392
1560348007.8309083
1560348007.877781
1560348007.940278
1560348008.0027506
1560348008.065246
1560348008.1277444
1560348008.19024
1560348008.2527359
1560348008.3152502
1560348008.3777459
1560348008.4245994
1560348008.4870918
1560348008.5495887
1560348008.6120856
1560348008.6745844
1560348008.737077
1560348008.8620677
1560348008.9714372
1560348009.0651803
1560348009.1589224
1560348009.2682931
1560348009.3932834
1560348009.4714015
1560348009.5651484
1560348009.674512
1560348009.7995074
1560348009.862001
1560348009.9870102
1560348010.0494843
1560348010.112002
1560348010.1744974
1560348010.236993
1560348010.2994678
1560348010.3619857
1560348010.424461
1560348010.4869766
1560348010.5338483
1560348010.596325
1560348010.6588385
1560348010.752565
1560348010.8150582
1560348010.8775551
1560348010.9556751
1560348011.0181677
1560348011.065061
1560348011.1275356
1560348011.1900349
1560348011.2525287
1560348011.3150249
1560348011.3775206
1560348011.4400141
1560348011.5025103
1560348011.565028
1560348011.627501
1560348011.6900172
1560348011.799367
1560348011.8774858
1560348011.9399843
1560348012.0024784
1560348012.064974
1560348012.127469
1560348012.1899836
1560348012.2524805
1560348012.314957
1560348012.3774526
1560348012.4243414
1560348012.4868195
1560348012.549315
1560348012.6118102
1560348012.6743062
1560348012.7368028
1560348012.7992973
1560348012.8774157
1560348012.9399128
1560348013.0024276
1560348013.0649047
1560348013.1274002
1560348013.1898959
1560348013.2523904
1560348013.3305106
1560348013.3930268
1560348013.4555209
1560348013.5180175
1560348013.5804946
1560348013.6273868
1560348013.7054834
1560348013.7679784
1560348013.8304772
1560348013.8773487
1560348013.9554694
1560348014.0179837
1560348014.0804782
1560348014.1429746
1560348014.205451
1560348014.267944
1560348014.3148155
