1560871366.4739308
1560871366.6301708
1560871366.895777
1560871367.083266
1560871367.2238789
1560871367.3957448
1560871367.5363593
1560871367.6769753
1560871367.8176093
1560871367.9582243
1560871368.1613142
1560871368.395675
1560871368.5831609
1560871368.7237778
1560871368.8487687
1560871368.989404
1560871369.1300008
1560871369.2706168
1560871369.4112315
1560871369.6612122
1560871369.8643231
1560871370.0205657
1560871370.1611774
1560871370.4736567
1560871370.6299188
1560871370.786137
1560871370.973623
1560871371.1767342
1560871371.364222
1560871371.504839
1560871371.6454542
1560871371.7860677
1560871371.926683
1560871372.0672984
1560871372.2391615
1560871372.4578974
1560871372.661011
1560871372.8172474
1560871372.9422398
1560871373.0828743
1560871373.22349
1560871373.364085
1560871373.504703
1560871373.7859304
1560871373.9890416
1560871374.1765325
1560871374.3171473
1560871374.4421356
1560871374.598375
1560871374.7233675
1560871374.8796058
1560871375.0202427
1560871375.192085
1560871375.4264443
1560871375.5826838
1560871375.707676
1560871375.8639226
1560871376.0201533
1560871376.176393
1560871376.3482566
1560871376.5201228
1560871376.7701023
1560871376.941966
1560871377.082582
1560871377.238842
1560871377.363826
1560871377.5044496
1560871377.645042
1560871377.770055
1560871377.926273
1560871378.1762578
1560871378.34812
1560871378.5668547
1560871378.8637128
1560871378.9887216
1560871379.1605864
1560871379.3011827
1560871379.504292
1560871379.7244325
1560871379.8650699
1560871380.0056653
1560871380.1619248
1560871380.3025205
1560871380.4431336
1560871380.5681467
1560871380.7087426
1560871380.8962293
1560871381.0993402
1560871381.2555785
1560871381.380571
1560871381.521185
1560871381.6618443
1560871381.8024166
1560871381.9274073
1560871382.0680442
1560871382.3492544
1560871382.5523648
1560871382.6773593
1560871382.8179715
1560871382.942984
1560871383.0835993
1560871383.2242157
1560871383.3648117
1560871383.5054252
1560871383.7085373
1560871383.8960233
1560871384.0366387
1560871384.177254
1560871384.31787
1560871384.4584875
1560871384.5991209
1560871384.7397377
1560871384.8647294
1560871385.0678198
1560871385.2709315
1560871385.4271688
1560871385.5677845
1560871385.7084203
1560871385.8333912
1560871386.0521476
1560871386.17712
1560871386.3490026
1560871386.583341
1560871386.7708273
1560871386.9114437
1560871387.0364335
1560871387.177057
1560871387.3176682
1560871387.4583008
1560871387.6301577
1560871387.786383
1560871388.0363677
1560871388.1770022
1560871388.3175993
1560871388.4582129
1560871388.5832253
1560871388.7394426
1560871388.8800585
1560871389.0519218
1560871389.301905
1560871389.5362666
1560871389.6925235
1560871389.8800116
1560871390.0206268
1560871390.1768453
1560871390.317481
1560871390.5049481
1560871390.7861788
1560871391.1455288
1560871391.317392
1560871391.458008
1560871391.6142495
1560871391.754884
1560871391.8954995
1560871392.067341
1560871392.379838
1560871392.723548
1560871392.9435096
1560871393.0997653
1560871393.2559862
1560871393.3966203
1560871393.5372167
1560871393.7403276
1560871393.9903107
1560871394.1465502
1560871394.287185
1560871394.4277995
1560871394.55277
1560871394.6933858
1560871394.8183978
1560871394.9589942
1560871395.1464827
1560871395.3652182
1560871395.490206
1560871395.630823
1560871395.7714388
1560871395.9120522
1560871396.099539
1560871396.240155
1560871396.599506
1560871396.8807578
1560871397.021373
1560871397.1619685
1560871397.3026044
1560871397.4275756
1560871397.5681896
1560871397.708827
1560871397.927542
1560871398.130655
1560871398.2712684
1560871398.4118817
1560871398.5368757
1560871398.6618853
1560871398.8024802
1560871399.0055928
1560871399.1774542
1560871399.4118142
1560871399.5836768
1560871399.7242956
1560871399.864928
1560871399.9899013
1560871400.114911
1560871400.2555056
1560871400.3805003
1560871400.5367367
1560871400.8023448
1560871400.9898314
1560871401.1304462
1560871401.2710626
1560871401.3960557
1560871401.5366688
1560871401.661682
1560871401.8022976
1560871401.9429123
1560871402.130379
1560871402.3178668
1560871402.4897304
1560871402.6303437
1560871402.755335
1560871402.8803484
1560871403.0209424
1560871403.1615796
1560871403.302173
1560871403.458417
1560871403.692772
1560871403.8490124
1560871403.9740052
1560871404.130263
1560871404.255234
1560871404.3958693
1560871404.5208406
1560871404.6458335
1560871404.864569
1560871405.1457975
1560871405.2864347
1560871405.4114254
1560871405.552022
1560871405.6770132
1560871405.8176286
1560871405.9582624
1560871406.0832353
1560871406.380089
1560871406.5832005
1560871406.7081914
1560871406.8488274
1560871406.973818
1560871407.1144135
1560871407.2550287
1560871407.3800197
1560871407.5206354
1560871407.7706184
1560871408.0049794
1560871408.12997
1560871408.2706053
1560871408.3955781
1560871408.5361905
1560871408.6611824
1560871408.7861953
1560871408.926791
1560871409.0986571
1560871409.3017635
1560871409.4580033
1560871409.5986204
1560871409.723611
1560871409.848622
1560871409.989223
1560871410.1298344
1560871410.254824
1560871410.442312
1560871410.6766722
1560871410.8329096
1560871410.9735265
1560871411.1297662
1560871411.2703812
1560871411.395371
1560871411.5203643
1560871411.6609802
1560871411.8640893
1560871412.1765814
1560871412.3015594
1560871412.4421747
1560871412.5827913
1560871412.7234058
1560871412.8483992
1560871412.97339
1560871413.098402
1560871413.3639889
1560871413.5514755
1560871413.6764662
1560871413.8170803
1560871413.942073
1560871414.0670633
1560871414.1920757
1560871414.3483162
1560871414.4732883
1560871414.6139023
1560871414.8951316
1560871415.0669963
1560871415.1920083
1560871415.3326044
