1559993822.4220948
1559993875.3514564
1559993935.4549367
1559993960.8639104
1559993977.6059105
1559993993.715593
1559994009.5141814
1559994017.6229978
1559994024.9054801
1559994032.2785702
1559994039.58536
1559994046.8348622
1559994054.1170967
1559994061.3892756
1559994068.685627
1559994076.0002952
1559994083.351271
1559994090.5858784
1559994097.9289703
1559994105.2097187
1559994112.4315205
1559994119.9310231
1559994127.119723
1559994134.3726883
1559994141.4223194
1559994148.484332
1559994155.564482
1559994162.6108534
1559994169.986801
1559994177.0488164
1559994184.1768243
1559994191.266951
1559994198.3960695
1559994205.4909728
1559994212.4761925
1559994219.444463
1559994226.4541626
1559994233.4849503
1559994240.532269
1559994247.598723
1559994254.738856
1559994261.816494
1559994268.932026
1559994275.9159205
1559994282.9638379
1559994289.9805038
1559994296.9977703
1559994304.075408
1559994311.1389875
1559994318.1713567
1559994325.1864989
1559994332.2033305
1559994339.2430172
1559994346.1808622
1559994353.165467
1559994360.244668
1559994367.2129362
1559994374.2763987
1559994381.2462153
1559994388.3238535
1559994395.3374336
1559994402.3406563
1559994409.2841184
1559994416.330508
1559994423.5199735
1559994430.537518
1559994437.44329
1559994444.511103
1559994451.3884258
1559994458.2942188
1559994465.1712148
1559994472.0315607
1559994479.2185662
1559994486.1574447
1559994493.191772
1559994500.1880782
1559994507.129637
1559994514.090265
1559994520.9491487
1559994527.8724341
1559994534.7973185
1559994541.781212
1559994548.742273
1559994555.7435207
1559994562.6336715
1559994569.5411575
1559994576.432629
1559994583.3696516
1559994590.1684818
1559994597.017638
1559994603.939039
1559994610.782318
1559994617.8967593
1559994624.6931672
1559994631.5381417
1559994638.3408768
1559994645.137282
1559994651.858447
1559994658.631702
1559994665.4281106
1559994672.2573037
1559994679.100582
1559994685.8813846
1559994692.7762525
1559994699.5294237
1559994706.294585
1559994713.03924
1559994719.7749195
1559994726.5713267
1559994733.4316316
1559994740.182703
1559994746.9947364
1559994753.7812061
1559994760.561989
1559994767.3584158
1559994774.125181
1559994781.1488879
1559994788.0390172
1559994794.993439
1559994801.846532
1559994808.8147836
1559994815.5768697
1559994822.3420289
1559994829.091583
1559994836.1951551
1559994842.9618855
1559994849.8051126
1559994856.6658983
1559994863.4658742
1559994870.293529
1559994877.0615013
1559994883.7954135
1559994890.5605726
1559994897.2647285
1559994904.0161183
1559994910.781278
1559994917.5791247
1559994924.2989774
1559994931.0328891
1559994937.8175554
1559994944.52022
1559994951.276396
1559994958.0206952
1559994964.802879
1559994971.5992856
1559994978.4127827
1559994985.1325593
1559994991.9133422
1559994998.648918
1559995005.368763
1559995012.1182802
1559995018.7755563
1559995025.5108945
1559995032.2895348
1559995039.027165
1559995045.7802014
1559995052.6270006
1559995059.3909209
1559995066.1273997
1559995072.8973696
1559995079.55314
1559995086.1948225
1559995092.897486
1559995099.6201758
1559995106.3249803
1559995112.996375
1559995119.6706371
1559995126.3264291
1559995133.0150313
1559995139.6722612
1559995146.3280532
1559995153.0325744
1559995159.7211049
1559995166.5018885
1559995173.192235
1559995179.8029175
1559995186.4118564
1559995193.1008298
1559995200.0549946
1559995206.6931648
1559995213.5096629
1559995220.1978998
1559995227.0255547
1559995233.7620795
1559995240.357887
1559995247.0136983
1559995253.717946
1559995260.46901
1559995267.109178
1559995273.8612087
1559995280.5497873
1559995287.3305511
1559995293.9878006
1559995300.6449766
1559995307.3229125
1559995313.973373
1559995320.5857797
1559995327.2103045
1559995333.868743
1559995340.4950364
1559995347.1664524
1559995353.8394344
1559995360.4774833
1559995367.0598593
1559995373.7175004
1559995380.3420625
1559995386.9212165
1559995393.5629127
1559995400.265557
1559995406.8918676
1559995413.486057
1559995420.1106017
1559995426.721
1559995433.3472004
1559995440.0342433
1559995446.7227826
1559995453.4123795
1559995460.1529164
1559995466.8668687
1559995473.64765
1559995480.3047945
1559995486.930022
1559995493.6326857
1559995500.3055766
1559995506.947384
1559995513.6117802
1559995520.2594328
1559995526.885407
1559995533.5099509
1559995540.1370332
1559995546.7630925
1559995553.3876379
1559995560.0449464
1559995566.6709027
1559995573.3579235
1559995580.046351
1559995586.8756063
1559995593.453279
1559995600.141854
1559995606.7678077
1559995613.4424453
1559995620.1294851
1559995626.7261958
1559995633.6801822
1559995640.4763136
1559995647.1164804
1559995653.7722738
1559995660.3992
1559995666.9856186
1559995673.6414104
1559995680.267604
1559995686.9390395
1559995693.6275513
1559995700.363052
1559995707.1125855
1559995713.863498
1559995720.5832164
1559995727.2858772
1559995734.0389774
1559995740.8537335
1559995747.5251484
1559995754.4343197
1559995761.2323606
1559995767.9857008
1559995774.6571178
1559995781.392495
1559995788.1107821
1559995794.768103
1559995801.6295366
1559995808.30095
1559995815.28637
1559995821.9904401
1559995828.6931248
1559995835.3048954
1559995841.9135826
1559995848.5224812
1559995855.1797187
1559995861.7748053
1559995868.4774668
1559995875.2611296
1559995881.9169414
1559995888.5918603
1559995895.2335572
1559995901.904973
1559995908.5787709
1559995915.205751
1559995921.8950403
1559995928.5508235
1559995935.3017848
1559995941.9107034
1559995948.5523417
1559995955.0847352
1559995961.6467836
1559995968.1321754
1559995974.9298203
1559995981.4606023
1559995987.944528
1559995994.4611592
1559996001.0700774
1559996007.6648223
