1560344432.1442647
1560344437.2146757
1560344441.9144146
1560344446.3840666
1560344450.8344173
1560344455.64717
1560344460.794104
1560344466.4648442
1560344471.744403
1560344477.474204
1560344484.5482664
1560344490.1856735
1560344495.7061484
1560344501.0570974
1560344506.405589
1560344511.8953
1560344517.2052474
1560344522.6052616
1560344527.8593924
1560344533.215542
1560344538.5652711
1560344544.874214
1560344550.455447
1560344555.959592
1560344561.255222
1560344566.6144228
1560344571.9994524
1560344577.4555068
1560344582.8994765
1560344588.1755407
1560344593.5255573
1560344598.8678935
1560344604.2783124
1560344610.0153902
1560344615.505326
1560344620.9895027
1560344626.3651168
1560344631.6953225
1560344637.0255692
1560344642.3954558
1560344647.6454148
1560344652.9055557
1560344658.095424
1560344663.375468
1560344668.6062207
1560344673.9391928
1560344679.2854946
1560344684.7053893
1560344690.1754603
1560344695.495531
1560344700.849534
1560344706.0855818
1560344711.25518
1560344716.7355711
1560344721.925427
1560344727.1453576
1560344732.2255654
1560344737.5992339
1560344742.8352952
1560344748.0053692
1560344753.185389
1560344758.4052713
1560344763.8396869
1560344769.1556647
1560344774.494606
1560344779.8353152
1560344785.1255004
1560344790.5596077
1560344795.845157
1560344801.0254636
1560344806.2755942
1560344811.5452545
1560344816.7154598
1560344822.075451
1560344827.4695017
1560344832.9155912
1560344838.219499
1560344843.715738
1560344849.2254326
1560344854.609541
1560344859.8297033
1560344865.1554546
1560344870.4888144
1560344875.7452173
1560344881.2995577
1560344886.5851665
1560344892.1754355
1560344897.5755017
1560344902.9395843
1560344908.145208
1560344913.415179
1560344918.8652544
1560344924.115309
1560344929.7453127
1560344935.0494945
1560344940.5755265
1560344945.8057752
1560344951.1252747
1560344956.409681
1560344961.909089
1560344967.3052382
1560344972.5657203
1560344977.8395486
1560344983.0755033
1560344988.4092326
1560344993.6995637
1560344999.0253768
1560345004.2656233
1560345009.5355058
1560345014.8295288
1560345020.1994286
1560345025.5352323
1560345030.875377
1560345036.3455083
1560345041.6856425
1560345046.9552684
1560345052.485187
1560345057.6952405
1560345062.9355125
1560345068.6854675
1560345074.515553
1560345079.7946203
1560345085.065475
1560345090.355533
1560345095.6254854
1560345100.8653371
1560345106.1343021
1560345111.6155536
1560345116.835268
1560345122.2356558
1560345127.659568
1560345132.9655633
1560345138.285435
1560345143.5853415
1560345148.8452787
1560345154.4894512
1560345159.7179902
1560345165.03957
1560345170.485196
1560345175.7485633
1560345181.2646947
1560345186.519391
1560345192.02555
1560345197.3945127
1560345202.9256701
1560345208.265607
1560345213.5054917
1560345218.8655455
1560345224.18519
1560345229.6756923
1560345235.035446
1560345240.4055028
1560345245.7353587
1560345251.065519
1560345256.2795126
1560345261.735307
1560345267.4155014
1560345272.675578
1560345278.0254896
1560345283.3754873
1560345288.8292964
1560345294.299209
1560345299.765273
1560345305.4456766
1560345311.205468
1560345316.9056613
1560345322.4593213
1560345327.8955793
1560345333.2654803
1560345338.5573215
1560345343.9055574
1560345349.395414
1560345354.75565
1560345360.1255813
1560345365.45957
1560345370.6752896
1560345375.9495437
1560345381.399505
1560345386.7596288
1560345392.0294845
1560345397.4356744
1560345402.599597
1560345407.8552964
1560345413.2453907
1560345418.6655564
1560345423.9695566
1560345429.1855738
1560345434.4755979
1560345440.4697058
1560345446.1054678
1560345451.5853214
1560345457.1058443
1560345462.335554
1560345467.725558
1560345473.1695032
1560345478.445489
1560345483.65526
1560345488.9343748
1560345494.3366482
1560345499.6456323
1560345505.054694
1560345510.4155195
1560345515.805518
1560345521.095432
1560345526.3055089
1560345531.8255424
1560345537.1354966
1560345542.5052478
1560345547.818092
1560345553.315546
1560345558.7252975
1560345564.099314
1560345569.4554832
1560345574.7352393
1560345579.9953003
1560345585.287584
1560345590.6457407
1560345596.065694
1560345601.739517
1560345607.1953347
1560345612.595276
1560345618.0694423
1560345623.5854578
1560345628.9355323
1560345634.3154802
1560345639.9758441
1560345645.2788756
1560345650.6252286
1560345655.9253714
1560345661.3155146
1560345666.6256695
1560345671.9698982
1560345677.2356853
1560345682.5753634
1560345687.825363
1560345693.0352652
1560345698.3755496
1560345703.6995358
1560345709.0555165
1560345714.3155298
1560345719.6057408
1560345724.9056633
1560345730.1739945
1560345735.579609
1560345741.0457215
1560345746.5855396
1560345752.138488
1560345757.6454847
1560345762.929684
1560345768.3255224
1560345773.6256037
1560345778.9856298
1560345784.5256333
1560345789.7956598
1560345795.1653912
1560345800.525657
1560345805.8655424
1560345811.175623
1560345816.5257185
1560345821.9255092
1560345827.5954218
1560345832.815447
1560345838.164107
1560345843.5356004
1560345848.8155425
1560345854.3358285
1560345859.8094037
1560345865.2856278
1560345870.6265998
1560345875.9444957
1560345881.3055933
1560345886.7154706
1560345892.2056017
1560345897.8355494
1560345903.165658
1560345908.5100548
1560345913.725353
1560345918.9898002
1560345924.4097319
1560345929.7395637
1560345935.2195551
1560345940.6679947
1560345946.6556787
1560345952.075813
1560345957.449578
1560345962.8955536
1560345969.1057384
1560345977.2093782
1560345984.4453073
1560345990.9595478
1560345996.305479
1560346001.5657527
1560346007.1753426
1560346012.715554
1560346018.2656553
1560346023.3655207
1560346028.3998377
1560346033.8357108
1560346039.4086874
1560346044.6656
