1560346176.5279474
1560346176.844475
1560346177.0762594
1560346177.4083295
1560346177.6309962
1560346177.8315675
1560346178.0099502
1560346178.2261293
1560346178.5959578
1560346178.8498843
1560346179.661643
1560346179.8999155
1560346180.1004322
1560346180.278855
1560346180.4637208
1560346180.6486075
1560346180.8179321
1560346180.9807222
1560346181.1656566
1560346181.350569
1560346181.5355172
1560346181.7047784
1560346181.867559
1560346182.1584687
1560346182.3387306
1560346182.498632
1560346182.6587336
1560346182.8384469
1560346183.028711
1560346183.300356
1560346183.5218508
1560346183.712865
1560346183.9328282
1560346184.3022852
1560346184.5626502
1560346184.7888303
1560346185.0126255
1560346185.1989152
1560346185.3887227
1560346185.6084704
1560346185.8027732
1560346185.9785283
1560346186.1487556
1560346186.3189464
1560346186.5430303
1560346186.7384753
1560346187.1096654
1560346187.3002918
1560346187.5590158
1560346187.752968
1560346187.9187663
1560346188.1339462
1560346188.3017235
1560346188.468759
1560346188.672982
1560346188.8428035
1560346189.00811
1560346189.1927898
1560346189.3588052
1560346189.5188007
1560346189.7028785
1560346189.858588
1560346190.0287008
1560346190.2097876
1560346190.3789108
1560346190.542951
1560346190.7179594
1560346190.8989792
1560346191.08867
1560346191.2588723
1560346191.4319236
1560346191.5987334
1560346191.7588367
1560346191.917932
1560346192.0784936
1560346192.2490351
1560346192.4316418
1560346192.5988178
1560346192.7588053
1560346192.931793
1560346193.088685
1560346193.2485795
1560346193.4321744
1560346193.588848
1560346193.7531343
1560346193.9184766
1560346194.0788622
1560346194.2385485
1560346194.40859
1560346194.582735
1560346194.738933
1560346194.9027503
1560346195.0588984
1560346195.2337701
1560346195.3887982
1560346195.5688164
1560346195.7988005
1560346195.9727468
1560346196.1587179
1560346196.3384855
1560346196.5026202
1560346196.6829245
1560346196.852871
1560346197.020319
1560346197.1789858
1560346197.352945
1560346197.5209692
1560346197.6987028
1560346197.8727818
1560346198.052894
1560346198.338493
1560346198.5789309
1560346198.8731573
1560346199.088614
1560346199.2687588
1560346199.468847
1560346199.6488452
1560346199.8276737
1560346199.9929101
1560346200.178554
1560346200.348917
1560346200.5084856
1560346200.6730242
1560346200.879009
1560346201.0385854
1560346201.2289834
1560346201.398824
1560346201.5685475
1560346201.7294052
1560346201.9227319
1560346202.0987484
1560346202.2626681
1560346202.4304302
1560346202.5887344
1560346202.7485814
1560346202.9188166
1560346203.168763
1560346203.332411
1560346203.4885902
1560346203.6517355
1560346203.818853
1560346203.9828773
1560346204.1786597
1560346204.3388894
1560346204.498519
1560346204.658721
1560346204.838692
1560346204.9989386
1560346205.228606
1560346205.3888712
1560346205.5587227
1560346205.728697
1560346205.8986309
1560346206.0689268
1560346206.2478907
1560346206.4788132
1560346206.6476355
1560346206.8084774
1560346206.9685194
1560346207.1411362
1560346207.318688
1560346207.478827
1560346207.6480315
1560346207.8089397
1560346207.9728174
1560346208.1388702
1560346208.3188787
1560346208.4887779
1560346208.6586757
1560346208.8285189
1560346208.9785469
1560346209.1483352
1560346209.3289468
1560346209.498724
1560346209.6686525
1560346209.8327932
1560346210.002802
1560346210.1689694
1560346210.3285346
1560346210.5188847
1560346210.7190003
1560346210.8889098
1560346211.0580308
1560346211.2189488
1560346211.388733
1560346211.5687938
1560346211.7429237
1560346211.8988693
1560346212.071311
1560346212.2327924
1560346212.3989918
1560346212.5886283
1560346212.7580428
1560346212.9287832
1560346213.088755
1560346213.2628927
1560346213.4188762
1560346213.6087325
1560346213.7785213
1560346213.9524229
1560346214.1189697
1560346214.2789574
1560346214.4387016
1560346214.6090724
1560346214.8027346
1560346214.9788005
1560346215.138784
1560346215.2985578
1560346215.4599023
1560346215.6227338
1560346215.7888181
1560346215.9608095
1560346216.1324246
1560346216.2887754
1560346216.4490073
1560346216.6086516
1560346216.7928772
1560346216.9586618
1560346217.1187382
1560346217.2889383
1560346217.4489536
1560346217.6087542
1560346217.76805
1560346217.942828
1560346218.1127226
1560346218.2787652
1560346218.4428234
1560346218.5988019
1560346218.7589555
1560346218.9488716
1560346219.1289632
1560346219.2917404
1560346219.4589849
1560346219.6129117
1560346219.7778597
1560346219.9779088
1560346220.1487868
1560346220.3287451
1560346220.4887922
1560346220.648646
1560346220.8189547
1560346220.9888632
1560346221.1684804
1560346221.3287284
1560346221.498755
1560346221.662812
1560346221.818932
1560346221.9890027
1560346222.1778595
1560346222.3488054
1560346222.518805
1560346222.688575
1560346222.9085526
1560346223.0778182
1560346223.2723637
1560346223.428901
1560346223.5986023
1560346223.7588577
1560346223.918602
1560346224.089007
1560346224.2825584
1560346224.4430327
1560346224.608611
1560346224.7727737
1560346224.9585743
1560346225.138531
1560346225.318661
1560346225.4935017
1560346225.6522782
1560346225.8287706
1560346225.988152
1560346226.1587143
1560346226.3430638
1560346226.5085115
1560346226.680486
1560346226.8588402
1560346227.0188425
1560346227.18046
1560346227.348769
1560346227.5287645
1560346227.6986287
1560346227.8626208
1560346228.038831
1560346228.208836
1560346228.3881898
1560346228.6485991
1560346228.8388433
1560346229.0187674
1560346229.188171
1560346229.3486307
1560346229.5389645
1560346229.7087867
1560346229.8787704
1560346230.0430386
1560346230.218975
1560346230.4086483
1560346230.5788305
1560346230.7628853
1560346230.9387403
1560346231.0988116
