1559998197.2918406
1559998198.5573783
1559998199.8697886
1559998201.2290683
1559998202.3980012
1559998203.5073
1559998204.8040652
1559998206.678935
1559998207.8351068
1559998208.9131582
1559998209.944337
1559998211.397381
1559998212.4927042
1559998213.8519669
1559998214.9456596
1559998216.3830395
1559998217.6485991
1559998218.789125
1559998221.0869033
1559998222.3571768
1559998223.8132553
1559998225.037489
1559998226.3997097
1559998227.692971
1559998228.9903471
1559998230.171958
1559998231.4499998
1559998232.607761
1559998233.811378
1559998235.5658453
1559998239.8704453
1559998241.8558457
1559998243.1131525
1559998244.6241214
1559998246.3071587
1559998247.9612339
1559998249.385582
1559998251.2335453
1559998252.4679084
1559998253.7276108
1559998254.9711866
1559998256.61491
1559998258.221635
1559998260.3819885
1559998263.8402815
1559998266.0901637
1559998267.593053
1559998268.9281862
1559998270.56125
1559998271.8985112
1559998273.2497642
1559998274.3511136
1559998275.5004737
1559998276.6443388
1559998278.1763058
1559998279.2748475
1559998280.4021814
1559998281.5784652
1559998282.6878529
1559998283.804213
1559998285.22302
1559998286.3823562
1559998288.5239182
1559998290.7628577
1559998292.6073506
1559998294.6812258
1559998296.014469
1559998297.47865
1559998298.8322139
1559998299.9906037
1559998301.205908
1559998302.7450278
1559998304.4314053
1559998305.8466723
1559998306.9670546
1559998308.4770522
1559998309.8147967
1559998311.379981
1559998312.7083192
1559998314.0043318
1559998315.3763645
1559998318.0436497
1559998319.6068807
1559998320.9767544
1559998322.2430353
1559998323.598933
1559998324.809261
1559998325.9989743
1559998327.4297214
1559998328.5770435
1559998329.7393286
1559998331.1221795
1559998332.4960291
1559998333.6625118
1559998334.8162613
1559998336.0981996
1559998337.4434805
1559998338.7481897
1559998340.0966847
1559998341.2140536
1559998342.3230007
1559998343.4198904
1559998344.5242608
1559998345.642273
1559998346.812604
1559998348.077864
1559998349.2162282
1559998350.3806033
1559998351.4719796
1559998352.781253
1559998353.9366434
1559998355.1511667
1559998356.3232234
1559998357.9168227
1559998359.3690546
1559998360.5621521
1559998361.9624352
1559998363.0823028
1559998364.4100502
1559998365.8682141
1559998367.0305696
1559998368.1749146
1559998369.3532403
1559998370.5125556
1559998371.6729965
1559998372.8413906
1559998374.576159
1559998375.7994611
1559998377.112193
1559998378.3584907
1559998379.655736
1559998380.7710977
1559998382.0108976
1559998383.3331635
1559998384.734344
1559998386.4563603
1559998388.3412821
1559998389.6685421
1559998390.8591373
1559998391.9728987
1559998393.2329226
1559998394.389289
1559998395.5216384
1559998396.6390002
1559998397.7903965
1559998398.9072006
1559998400.0171196
1559998401.120036
1559998402.220136
1559998403.5084198
1559998405.0545685
1559998407.275976
1559998408.5667467
1559998410.3636854
1559998412.2660406
1559998413.7217546
1559998415.0751905
1559998416.2438161
1559998417.7499542
1559998418.9072993
1559998420.2192822
1559998421.3612583
1559998422.8851426
1559998423.9875193
1559998425.304765
1559998426.6310046
1559998427.7444203
1559998428.8627632
1559998429.9803104
1559998431.6233497
1559998432.7701986
1559998433.8861506
1559998434.9895594
1559998436.2948153
1559998437.7219298
1559998439.131379
1559998440.750579
1559998442.2395391
1559998443.6330066
1559998445.5755033
1559998446.895388
1559998448.3324366
1559998449.6686375
1559998451.0477357
1559998452.5249178
1559998454.1070342
1559998455.4282827
1559998456.9156165
1559998458.249365
1559998459.6855412
1559998461.2286584
1559998462.3800046
1559998463.925912
1559998465.218342
1559998466.6535208
1559998468.0527427
1559998469.5116928
1559998470.847293
1559998472.2974656
1559998474.1479838
1559998475.5771878
1559998476.8924298
1559998478.3525782
1559998479.4959235
1559998480.9661062
1559998482.131666
1559998483.6048226
1559998484.919134
1559998486.424758
1559998487.810482
1559998489.237672
1559998490.4080029
1559998491.9177663
1559998493.5228736
1559998495.3791118
1559998496.7628558
1559998498.0471206
1559998499.5067909
1559998500.8150523
1559998502.1161158
1559998503.7322006
1559998505.4289057
1559998506.8374708
1559998508.2061186
1559998509.4842863
1559998510.6666577
1559998511.9899507
1559998513.493074
1559998514.6514163
1559998516.0286534
1559998517.3328876
1559998518.9070127
1559998520.0039127
1559998521.1672664
1559998522.5564551
1559998523.855734
1559998524.9771662
1559998526.2546082
1559998527.4053388
1559998528.4960122
1559998529.6053727
1559998530.8091083
1559998532.1508214
1559998533.3881135
1559998534.7331605
1559998536.313322
1559998537.8736973
1559998539.5527155
1559998540.9580135
1559998542.382658
1559998544.0573592
1559998546.035992
1559998547.6087506
1559998548.7700875
1559998550.0511167
1559998551.2034442
1559998552.3266103
1559998553.52992
1559998555.0490527
1559998556.202412
1559998557.3717551
1559998558.4940367
1559998559.8942144
1559998561.2759457
1559998562.4562693
1559998563.5871956
1559998564.769023
1559998565.903279
1559998567.0776582
1559998568.244231
1559998570.0207882
1559998572.231999
1559998574.004991
1559998575.7570405
1559998576.9683485
1559998578.3355646
1559998579.5209825
1559998580.7048595
1559998581.8801904
1559998583.0040753
1559998584.3755248
1559998586.1921608
1559998587.6331062
1559998588.768974
1559998589.902325
1559998591.0287023
1559998592.1871133
1559998593.3303115
1559998594.4710484
1559998595.6059492
1559998596.7442799
1559998597.9091172
1559998599.07211
1559998600.23696
1559998601.3932984
1559998602.5222647
1559998603.8765209
1559998605.50661
1559998606.647961
1559998607.7813637
