1560004334.0989475
1560004337.63801
1560004344.8407073
1560004349.3937132
1560004355.705411
1560004361.1290188
1560004365.5590978
1560004369.6288326
1560004374.159792
1560004377.9876544
1560004383.549751
1560004387.7076182
1560004391.84196
1560004397.060353
1560004401.2977693
1560004406.8338006
1560004410.9772043
1560004416.6799161
1560004421.2889733
1560004426.1326554
1560004432.0569623
1560004436.808793
1560004441.5037687
1560004446.6954596
1560004450.9690738
1560004455.1698716
1560004460.13327
1560004464.4784696
1560004468.9611952
1560004474.589826
1560004482.0950556
1560004486.8447306
1560004491.5475314
1560004495.5785022
1560004501.2187617
1560004506.1119192
1560004509.596052
1560004513.6583195
1560004517.3625665
1560004522.2840855
1560004526.4869218
1560004530.267911
1560004534.080166
1560004538.001753
1560004542.29833
1560004546.3672292
1560004550.2107139
1560004553.899902
1560004558.024005
1560004561.9110885
1560004565.8406582
1560004569.6841633
1560004573.5556068
1560004577.279885
1560004580.9262764
1560004584.5092502
1560004588.2980754
1560004592.2196813
1560004596.016294
1560004600.0646317
1560004604.7830362
1560004608.8164444
1560004612.7692978
1560004616.6596553
1560004620.6125095
1560004624.643501
1560004628.4917388
1560004632.413323
1560004636.7567768
1560004641.637862
1560004646.0125613
1560004650.9192626
1560004654.9000845
1560004659.145873
1560004663.0937142
1560004667.1026726
1560004670.9860637
1560004674.9750865
1560004679.596474
1560004684.192834
1560004688.1489546
1560004691.9330206
1560004695.6496043
1560004699.4218092
1560004703.3053083
1560004707.1829615
1560004711.0817125
1560004714.8072748
1560004718.5242007
1560004722.5648692
1560004726.3415115
1560004730.165612
1560004733.9269679
1560004737.7206178
1560004741.5350378
1560004745.9894152
1560004749.9897726
1560004753.805252
1560004757.6760309
1560004761.4559777
1560004765.2622254
1560004769.11943
1560004773.0286913
1560004777.071163
1560004781.2734976
1560004785.699923
1560004790.2674966
1560004794.8099759
1560004799.5079844
1560004804.088863
1560004808.7945223
1560004813.391093
1560004818.159769
1560004822.786667
1560004827.561398
1560004832.2706237
1560004836.9846954
1560004841.8105793
1560004846.516237
1560004851.3194149
1560004856.0206215
1560004861.0242016
1560004865.7018328
1560004870.3968043
1560004875.0441484
1560004879.656268
1560004884.3519006
1560004889.0730028
1560004893.8223104
1560004898.5335455
1560004903.40986
1560004908.1686633
1560004912.9372573
1560004917.7213106
1560004922.4826088
1560004927.1402528
1560004931.8368495
1560004936.5117748
1560004941.5445063
1560004946.641488
1560004951.2570748
1560004955.9254963
1560004960.624524
1560004965.3883579
1560004970.0607164
1560004974.7629712
1560004979.4820578
1560004984.7699263
1560004989.5287886
1560004994.1950383
1560004998.856434
1560005003.7692883
1560005008.4366722
1560005013.1083581
1560005017.7839935
1560005022.4490695
1560005027.4550533
1560005032.6499426
1560005037.4396315
1560005042.1448781
1560005046.68314
1560005051.1886368
1560005055.6192882
1560005060.0568693
1560005064.4821784
1560005068.9483676
1560005073.3478835
1560005077.7957597
1560005082.4011147
1560005086.9517317
1560005091.5900784
1560005096.1889005
1560005100.9243474
1560005105.6305888
1560005110.3210063
1560005114.9721591
1560005119.7570326
1560005124.3911798
1560005129.1091545
1560005133.7654908
1560005138.4246902
1560005143.1289947
1560005147.771551
1560005152.890761
1560005157.5249195
1560005162.2141588
1560005166.8140893
1560005171.5917754
1560005176.2142644
1560005180.9301705
1560005185.68179
1560005190.4502246
1560005195.0638328
1560005199.5641866
1560005204.2604969
1560005208.8853452
1560005213.5011513
1560005218.19214
1560005222.789132
1560005227.387587
1560005232.0955799
1560005236.7655807
1560005241.3364973
1560005246.0825546
1560005250.9995294
1560005256.8515456
1560005261.445817
1560005266.0869153
1560005270.290712
1560005274.7669282
1560005279.310613
1560005284.221221
1560005288.8048573
1560005293.4732068
1560005298.0206354
1560005302.7139487
1560005307.3289118
1560005312.1986957
1560005316.7010455
1560005321.2518392
1560005325.8507602
1560005330.500017
1560005335.1853366
1560005339.8389661
1560005344.4847603
1560005349.0370216
1560005353.6353915
1560005358.267524
1560005362.8601763
1560005367.4006605
1560005371.7434478
1560005376.1419313
1560005380.4759371
1560005384.8833933
1560005389.2983007
1560005393.7161915
1560005398.0497105
1560005402.6970727
1560005407.3238523
1560005411.946825
1560005416.5148432
1560005421.090074
1560005425.6613598
1560005430.2495134
1560005434.7597928
1560005439.2610729
1560005443.9403484
1560005448.57436
1560005453.2703779
1560005457.8567562
1560005462.4491522
1560005466.8889182
1560005471.4827564
1560005476.1411228
1560005480.799635
1560005485.5033073
1560005490.213457
1560005494.8660557
1560005499.5061212
1560005504.488569
1560005508.9717565
1560005513.5879085
1560005518.2608309
1560005522.9565568
1560005527.624692
1560005532.2791219
1560005536.9852092
1560005541.6796172
1560005546.4165094
1560005551.0425587
1560005556.1529846
1560005561.8648584
1560005566.5966284
1560005571.3698905
1560005576.0382195
1560005580.7045715
1560005586.0525725
1560005590.6775706
1560005595.189726
1560005599.7847302
1560005604.460878
1560005609.0387666
1560005613.606879
1560005618.2899134
1560005622.909887
1560005627.5372603
1560005632.2224224
1560005636.8385785
1560005641.7442791
1560005646.2037485
1560005650.6018903
1560005655.2147439
1560005659.7957184
1560005664.4633753
1560005669.2637935
1560005674.136942
1560005678.8016372
1560005683.4150739
1560005688.1662636
1560005692.8385537
