1559992546.0280664
1559992548.0123036
1559992549.965274
1559992551.921665
1559992553.6090689
1559992555.2026865
1559992556.749457
1559992558.280601
1559992559.8273692
1559992561.3741398
1559992563.4989917
1559992569.0387857
1559992570.7831624
1559992573.251722
1559992575.220338
1559992576.8296049
1559992578.4232407
1559992580.813702
1559992584.3707662
1559992587.058081
1559992589.6672978
1559992591.6302736
1559992593.255184
1559992595.145657
1559992596.9424288
1559992598.8485482
1559992600.6921523
1559992602.5393617
1559992604.461101
1559992606.4297142
1559992608.0858498
1559992609.7419856
1559992611.3200235
1559992613.181976
1559992614.838113
1559992616.3848822
1559992618.1191354
1559992619.8533914
1559992621.462657
1559992623.0730402
1559992625.1353993
1559992627.29152
1559992628.6798217
1559992630.1641154
1559992631.5390003
1559992632.9559839
1559992634.3308928
1559992635.893283
1559992637.2369418
1559992638.6431146
1559992640.0336237
1559992641.3929055
1559992642.799059
1559992644.1922333
1559992645.5671377
1559992647.0826583
1559992648.879429
1559992651.004262
1559992652.4260397
1559992653.8024683
1559992655.2242455
1559992656.630399
1559992658.0678008
1559992659.458333
1559992660.8644834
1559992662.2550132
1559992663.6480696
1559992665.054225
1559992666.4447522
1559992667.8196578
1559992669.2101867
1559992670.6007183
1559992671.9912486
1559992673.5248773
1559992674.9154072
1559992676.3059573
1559992677.6964655
1559992679.1026185
1559992680.54002
1559992682.0086706
1559992683.9316733
1559992685.4159462
1559992687.9470289
1559992689.6812968
1559992691.087429
1559992692.462334
1559992694.3840768
1559992696.633923
1559992699.9149475
1559992703.0310416
1559992706.3983512
1559992709.158925
1559992710.5405347
1559992711.9665754
1559992713.6867268
1559992715.476001
1559992717.0801933
1559992718.4838448
1559992720.235278
1559992721.5751748
1559992723.6964672
1559992725.3006964
1559992726.7043242
1559992728.2082138
1559992729.9440997
1559992731.2788086
1559992732.7514668
1559992734.1239307
1559992735.7906964
1559992737.1159966
1559992738.6825418
1559992741.4900043
1559992744.2349088
1559992746.1557136
1559992748.5246058
1559992749.9661326
1559992751.285276
1559992752.651223
1559992754.5627105
1559992756.6142242
1559992758.2137766
1559992759.846793
1559992761.7475207
1559992763.8639677
1559992765.6939194
1559992767.267011
1559992768.84642
1559992770.6838753
1559992772.7856884
1559992774.1516335
1559992775.7715595
1559992777.5763915
1559992778.9642775
1559992780.3054466
1559992781.640213
1559992783.407239
1559992785.1494412
1559992787.3397613
1559992788.7435403
1559992790.0783155
1559992792.0525
1559992794.3588328
1559992797.0523586
1559992798.6896617
1559992801.2995346
1559992803.420847
1559992805.4743779
1559992806.8559942
1559992808.7298422
1559992810.7508075
1559992813.0989897
1559992815.1356435
1559992816.877987
1559992819.369139
1559992821.3389697
1559992823.7404997
1559992825.3893487
1559992826.9961832
1559992828.576627
1559992830.1564429
1559992831.7294433
1559992833.3165524
1559992834.8602457
1559992836.4495091
1559992838.0394692
1559992839.6465688
1559992841.2790127
1559992842.8617978
1559992844.3803475
1559992845.9878569
1559992847.5297642
1559992849.1294034
1559992850.7463875
1559992852.3163998
1559992853.8966668
1559992855.4791126
1559992857.2264202
1559992858.7365627
1559992860.3199246
1559992861.896577
1559992863.4588716
1559992865.250235
1559992866.8266888
1559992868.369841
1559992869.9594615
1559992871.5396316
1559992873.1362343
1559992874.7683794
1559992876.2901392
1559992877.8764358
1559992879.3864007
1559992880.996375
1559992882.5465803
1559992884.0797236
1559992885.6366003
1559992887.1998158
1559992888.729302
1559992890.3063738
1559992891.846671
1559992893.406645
1559992894.9264514
1559992896.4462116
1559992898.0163765
1559992899.5566347
1559992901.176182
1559992902.699602
1559992904.2362413
1559992905.809226
1559992907.4563942
1559992909.1191533
1559992910.6585686
1559992912.2263708
1559992914.8756998
1559992916.6112773
1559992918.2311325
1559992919.6037078
1559992920.9906852
1559992922.3354063
1559992923.6388848
1559992925.0738792
1559992927.1326625
1559992928.7213476
1559992930.3412216
1559992931.8765166
1559992933.881418
1559992935.4387782
1559992936.7735796
1559992938.0770519
1559992940.0980098
1559992942.1567197
1559992943.7765899
1559992945.327464
1559992946.6466358
1559992947.9500072
1559992949.2535274
1559992950.5649474
1559992951.8841457
1559992953.5886295
1559992955.261836
1559992957.0666916
1559992958.6865833
1559992960.1750438
1559992962.1115115
1559992964.2014754
1559992965.5518026
1559992966.8709457
1559992968.1900594
1559992969.4997928
1559992970.803226
1559992972.1067643
1559992973.4257612
1559992974.776069
1559992976.110904
1559992977.915789
1559992980.1282492
1559992982.4340484
1559992983.768415
1559992985.0562844
1559992986.660491
1559992988.4430492
1559992990.1853619
1559992992.407295
1559992994.465917
1559992996.7032492
1559992998.971674
1559993001.6633334
1559993003.8376663
1559993005.9889774
1559993007.6258311
1559993009.4286182
1559993010.9483747
1559993012.5087566
1559993014.069306
1559993015.6255352
1559993017.199214
1559993018.755766
1559993020.3154578
1559993021.858528
1559993023.9283352
1559993026.7036173
1559993029.0786705
1559993030.718417
1559993032.255355
1559993033.8555841
1559993035.3881786
1559993036.9854999
1559993038.490291
1559993041.3858054
1559993043.6228564
1559993045.5903482
1559993047.4172914
1559993048.9055948
1559993050.6257818
1559993051.9917233
1559993053.3641996
1559993054.7833495
1559993056.086832
1559993057.4059205
1559993058.8169763
1559993060.5214953
