1559996843.177711
1559996843.7089267
1559996844.138791
1559996844.8418689
1559996845.2949615
1559996845.6543112
1559996845.9980378
1559996846.3105156
1559996846.7948592
1559996847.2167048
1559996847.544827
1559996847.9979
1559996848.935336
1559996850.3414896
1559996851.4976609
1559996852.200737
1559996852.8188086
1559996853.1625342
1559996853.5843813
1559996853.959355
1559996854.2718337
1559996854.599937
1559996854.8967888
1559996855.1936457
1559996855.4904976
1559996855.8029974
1559996856.0998313
1559996856.3810816
1559996856.7560377
1559996857.2091303
1559996857.5528562
1559996857.9278305
1559996858.287181
1559996858.6621754
1559996859.1464984
1559996859.5683448
1559996859.9433382
1559996860.255798
1559996860.5526524
1559996860.8651288
1559996861.193233
1559996861.4901063
1559996861.7869604
1559996862.115045
1559996862.4900393
1559996862.8337467
1559996863.318085
1559996863.9586675
1559996864.5992463
1559996865.3023226
1559996865.8647854
1559996866.4584947
1559996867.1615725
1559996867.6927848
1559996868.2552474
1559996869.0273018
1559996869.4662554
1559996869.833905
1559996870.2364285
1559996870.6138468
1559996871.0637114
1559996871.5271788
1559996871.9872258
1559996872.423836
1559996872.8235047
1559996873.8493161
1559996874.486418
1559996874.8660183
1559996875.2966638
1559996875.6462998
1559996876.003292
1559996876.3733373
1559996876.7233193
1559996877.0933585
1559996877.453259
1559996877.793315
1559996878.1733532
1559996878.5362966
1559996878.9162245
1559996879.3362925
1559996879.6967123
1559996880.063164
1559996880.7128656
1559996881.207591
1559996881.6093605
1559996882.0521414
1559996882.4559095
1559996882.8323712
1559996883.2161512
1559996883.671891
1559996884.32252
1559996884.7193136
1559996885.0973628
1559996885.4701664
1559996885.8767774
1559996886.2435648
1559996886.5983644
1559996886.9661515
1559996887.3474658
1559996887.7182324
1559996888.078047
1559996888.56075
1559996888.9975004
1559996889.3662891
1559996889.730998
1559996890.0997891
1559996890.510553
1559996890.8963528
1559996891.3460746
1559996891.8397913
1559996892.2635503
1559996892.625363
1559996892.9861374
1559996893.3439524
1559996893.6947513
1559996894.0605233
1559996894.4163187
1559996894.7671387
1559996895.1265407
1559996895.5587149
1559996895.9024415
1559996896.246168
1559996896.589895
1559996896.9023721
1559996897.339842
1559996897.792936
1559996898.152293
1559996898.6678755
1559996899.0740974
1559996899.643393
1559996900.0708032
1559996900.7738755
1559996901.273841
1559996901.6800716
1559996902.008186
1559996902.3206427
1559996902.6487675
1559996902.9768481
1559996903.2893472
1559996903.61743
1559996903.9455323
1559996904.2580314
1559996904.5705092
1559996904.914235
1559996905.2266939
1559996905.5437632
1559996905.8874903
1559996906.203583
1559996906.504446
1559996906.8325481
1559996907.1450274
1559996907.4731295
1559996907.7855875
1559996908.11371
1559996908.4229782
1559996908.9307725
1559996909.2432714
1559996909.555751
1559996909.899476
1559996910.2275784
1559996910.5400574
1559996910.8681407
1559996911.2118688
1559996911.5243442
1559996911.9461992
1559996912.4461777
1559996912.7586358
1559996913.1804812
1559996913.6179497
1559996913.961676
1559996914.2897987
1559996914.6491368
1559996915.1022239
1559996915.451625
1559996915.8578265
1559996916.3265452
1559996916.6471646
1559996917.0533712
1559996917.5859947
1559996917.9141173
1559996918.2422204
1559996918.570322
1559996918.90357
1559996919.3995492
1559996919.868267
1559996920.1963894
1559996920.6182148
1559996921.1025572
1559996921.4619277
1559996921.8056538
1559996922.133756
1559996922.493095
1559996922.961805
1559996923.3367987
1559996923.7117727
1559996924.1023514
1559996924.5241957
1559996924.9772904
1559996925.3835323
1559996925.758487
1559996926.1491067
1559996926.5463407
1559996926.8900454
1559996927.249396
1559996927.6087675
1559996927.9212246
1559996928.2493489
1559996928.5774367
1559996928.889929
1559996929.343002
1559996929.8742273
1559996930.2804406
1559996931.0147626
1559996931.5147488
1559996931.8428504
1559996932.1709323
1559996932.6240265
1559996933.0458722
1559996933.4364717
1559996933.8114448
1559996934.1395676
1559996934.4988968
1559996934.8426442
1559996935.2019734
1559996935.530078
1559996935.8738022
1559996936.1862838
1559996936.49878
1559996936.8425064
1559996937.154965
1559996937.5012383
1559996937.8762152
1559996938.204317
1559996938.6886582
1559996939.188624
1559996939.9229474
1559996940.5166566
1559996940.938503
1559996941.5166104
1559996941.9540584
1559996942.3446565
1559996943.11839
1559996943.7130492
1559996944.3616796
1559996945.0173063
1559996945.7659218
1559996946.465523
1559996947.2266593
1559996948.0089474
1559996948.5393617
1559996949.1534333
1559996949.7720551
1559996950.4973211
1559996951.0330749
1559996951.7146785
1559996952.1960838
1559996952.555433
1559996952.9304094
1559996953.3053813
1559996953.6647336
1559996954.0637999
1559996954.4155374
1559996954.8061357
1559996955.1811306
1559996955.634202
1559996956.2312515
1559996956.7982402
1559996957.504913
1559996958.1295545
1559996958.8118029
1559996959.4624286
1559996960.2289906
1559996960.8036613
1559996961.432309
1559996961.9700155
1559996962.6624465
1559996963.2704651
1559996963.8031578
1559996964.3848279
1559996964.8435636
1559996965.3262887
1559996965.8588307
1559996966.353949
1559996966.875652
1559996967.4023511
1559996967.9280496
1559996968.5157208
1559996969.0024357
1559996969.4721673
1559996969.9504135
1559996970.4435942
1559996970.9214156
1559996971.3695326
1559996971.796274
1559996972.2590637
1559996972.7627804
1559996973.2634885
1559996973.7442126
1559996974.244139
1559996974.7472854
